 0.000   0.0000000
 0.010  -0.0169600
 0.020  -0.0460980
 0.030  -0.0681570
 0.040  -0.0605640
 0.050  -0.0416790
 0.060  -0.0344520
 0.070  -0.0411090
 0.080  -0.0360130
 0.090  -0.0111780
 0.100   0.0096715
 0.110   0.0126050
 0.120   0.0016567
 0.130  -0.0090682
 0.140  -0.0168020
 0.150  -0.0169240
 0.160  -0.0106300
 0.170  -0.0052148
 0.180  -0.0107050
 0.190  -0.0226580
 0.200  -0.0287540
 0.210  -0.0244420
 0.220  -0.0147900
 0.230  -0.0092586
 0.240  -0.0091822
 0.250  -0.0106380
 0.260  -0.0060274
 0.270   0.0013733
 0.280   0.0027272
 0.290  -0.0051295
 0.300  -0.0109660
 0.310  -0.0128950
 0.320  -0.0180060
 0.330  -0.0252000
 0.340  -0.0199480
 0.350  -0.0043932
 0.360  -0.0001936
 0.370  -0.0127070
 0.380  -0.0166470
 0.390   0.0004742
 0.400   0.0159600
 0.410   0.0162710
 0.420   0.0206140
 0.430   0.0390020
 0.440   0.0499480
 0.450   0.0413360
 0.460   0.0330870
 0.470   0.0357140
 0.480   0.0343090
 0.490   0.0229090
 0.500   0.0182890
 0.510   0.0179340
 0.520   0.0027852
 0.530  -0.0234140
 0.540  -0.0313570
 0.550  -0.0204200
 0.560  -0.0138180
 0.570  -0.0166270
 0.580  -0.0113180
 0.590  -0.0037218
 0.600  -0.0051725
 0.610  -0.0092977
 0.620  -0.0029786
 0.630   0.0027356
 0.640   0.0052720
 0.650   0.0109330
 0.660   0.0189380
 0.670   0.0058735
 0.680  -0.0205680
 0.690  -0.0334790
 0.700  -0.0238820
 0.710  -0.0209440
 0.720  -0.0269010
 0.730  -0.0241350
 0.740  -0.0131230
 0.750  -0.0144350
 0.760  -0.0236010
 0.770  -0.0231380
 0.780  -0.0193140
 0.790  -0.0211010
 0.800  -0.0163210
 0.810   0.0070597
 0.820   0.0291850
 0.830   0.0343440
 0.840   0.0350170
 0.850   0.0471880
 0.860   0.0609280
 0.870   0.0641180
 0.880   0.0639040
 0.890   0.0653470
 0.900   0.0590290
 0.910   0.0430560
 0.920   0.0329780
 0.930   0.0324010
 0.940   0.0248460
 0.950   0.0013626
 0.960  -0.0224420
 0.970  -0.0248030
 0.980  -0.0070293
 0.990   0.0115610
 1.000   0.0182050
 1.010   0.0252570
 1.020   0.0412930
 1.030   0.0533950
 1.040   0.0423910
 1.050   0.0180100
 1.060   0.0041334
 1.070   0.0013886
 1.080  -0.0089925
 1.090  -0.0312090
 1.100  -0.0463560
 1.110  -0.0492720
 1.120  -0.0439240
 1.130  -0.0350450
 1.140  -0.0253340
 1.150  -0.0281900
 1.160  -0.0369220
 1.170  -0.0299150
 1.180  -0.0038481
 1.190   0.0101160
 1.200  -0.0057370
 1.210  -0.0287690
 1.220  -0.0328050
 1.230  -0.0238580
 1.240  -0.0228140
 1.250  -0.0277540
 1.260  -0.0231610
 1.270   0.0000078
 1.280   0.0314900
 1.290   0.0566930
 1.300   0.0694200
 1.310   0.0731650
 1.320   0.0711190
 1.330   0.0595610
 1.340   0.0436040
 1.350   0.0320730
 1.360   0.0348440
 1.370   0.0497810
 1.380   0.0776990
 1.390   0.1053800
 1.400   0.1131200
 1.410   0.0937490
 1.420   0.0717370
 1.430   0.0656330
 1.440   0.0718820
 1.450   0.0850490
 1.460   0.1062100
 1.470   0.1185400
 1.480   0.0961420
 1.490   0.0514920
 1.500   0.0195800
 1.510   0.0021869
 1.520  -0.0287480
 1.530  -0.0618880
 1.540  -0.0598270
 1.550  -0.0254280
 1.560  -0.0031881
 1.570  -0.0061937
 1.580  -0.0076823
 1.590   0.0042855
 1.600   0.0152440
 1.610   0.0199950
 1.620   0.0263250
 1.630   0.0229440
 1.640  -0.0019305
 1.650  -0.0326500
 1.660  -0.0451210
 1.670  -0.0502740
 1.680  -0.0651990
 1.690  -0.0732450
 1.700  -0.0453270
 1.710   0.0032454
 1.720   0.0340120
 1.730   0.0423640
 1.740   0.0617550
 1.750   0.0981550
 1.760   0.1214400
 1.770   0.1102200
 1.780   0.0836100
 1.790   0.0654910
 1.800   0.0602730
 1.810   0.0625180
 1.820   0.0699770
 1.830   0.0755620
 1.840   0.0670180
 1.850   0.0412950
 1.860   0.0044553
 1.870  -0.0333170
 1.880  -0.0574380
 1.890  -0.0533620
 1.900  -0.0268540
 1.910   0.0021483
 1.920   0.0210930
 1.930   0.0347850
 1.940   0.0380720
 1.950   0.0180500
 1.960  -0.0224690
 1.970  -0.0525230
 1.980  -0.0519050
 1.990  -0.0348100
 2.000  -0.0245640
 2.010  -0.0222400
 2.020  -0.0161740
 2.030  -0.0081405
 2.040  -0.0048193
 2.050   0.0010046
 2.060   0.0234020
 2.070   0.0551980
 2.080   0.0728630
 2.090   0.0693360
 2.100   0.0578390
 2.110   0.0435500
 2.120   0.0183880
 2.130  -0.0110060
 2.140  -0.0223430
 2.150  -0.0101510
 2.160   0.0072296
 2.170   0.0180230
 2.180   0.0337980
 2.190   0.0624620
 2.200   0.0898090
 2.210   0.0936000
 2.220   0.0751620
 2.230   0.0532700
 2.240   0.0418450
 2.250   0.0337550
 2.260   0.0177010
 2.270  -0.0065125
 2.280  -0.0244270
 2.290  -0.0346130
 2.300  -0.0465040
 2.310  -0.0616870
 2.320  -0.0668550
 2.330  -0.0618410
 2.340  -0.0542090
 2.350  -0.0423420
 2.360  -0.0168450
 2.370   0.0140790
 2.380   0.0317970
 2.390   0.0370460
 2.400   0.0507920
 2.410   0.0786960
 2.420   0.1035200
 2.430   0.1171900
 2.440   0.1263600
 2.450   0.1308700
 2.460   0.1156600
 2.470   0.0735270
 2.480   0.0118670
 2.490  -0.0562520
 2.500  -0.1209000
 2.510  -0.1696300
 2.520  -0.1924900
 2.530  -0.1924000
 2.540  -0.1813800
 2.550  -0.1671400
 2.560  -0.1537900
 2.570  -0.1457700
 2.580  -0.1410400
 2.590  -0.1236800
 2.600  -0.0859560
 2.610  -0.0419360
 2.620  -0.0101650
 2.630   0.0121490
 2.640   0.0274590
 2.650   0.0162970
 2.660  -0.0278310
 2.670  -0.0629630
 2.680  -0.0470900
 2.690  -0.0050875
 2.700   0.0101060
 2.710  -0.0039897
 2.720  -0.0152140
 2.730  -0.0291080
 2.740  -0.0789190
 2.750  -0.1459200
 2.760  -0.1707000
 2.770  -0.1375500
 2.780  -0.0908290
 2.790  -0.0546770
 2.800  -0.0099641
 2.810   0.0492750
 2.820   0.0899430
 2.830   0.0875970
 2.840   0.0609400
 2.850   0.0391340
 2.860   0.0271930
 2.870   0.0137580
 2.880  -0.0049627
 2.890  -0.0239640
 2.900  -0.0435170
 2.910  -0.0696920
 2.920  -0.1032600
 2.930  -0.1294700
 2.940  -0.1344600
 2.950  -0.1213600
 2.960  -0.1079300
 2.970  -0.1048800
 2.980  -0.1091300
 2.990  -0.1173600
 3.000  -0.1270800
 3.010  -0.1305000
 3.020  -0.1169900
 3.030  -0.0875840
 3.040  -0.0522930
 3.050  -0.0184020
 3.060   0.0095051
 3.070   0.0263060
 3.080   0.0278270
 3.090   0.0213660
 3.100   0.0154340
 3.110   0.0136800
 3.120   0.0165800
 3.130   0.0208800
 3.140   0.0129250
 3.150  -0.0147930
 3.160  -0.0452880
 3.170  -0.0542310
 3.180  -0.0443260
 3.190  -0.0404040
 3.200  -0.0541380
 3.210  -0.0713210
 3.220  -0.0810710
 3.230  -0.0912200
 3.240  -0.1049200
 3.250  -0.1126800
 3.260  -0.1193200
 3.270  -0.1464400
 3.280  -0.1926900
 3.290  -0.2224300
 3.300  -0.2165100
 3.310  -0.1941000
 3.320  -0.1754500
 3.330  -0.1422700
 3.340  -0.0850050
 3.350  -0.0346810
 3.360  -0.0225930
 3.370  -0.0262250
 3.380  -0.0108210
 3.390   0.0120940
 3.400   0.0086716
 3.410  -0.0193170
 3.420  -0.0396500
 3.430  -0.0500640
 3.440  -0.0738330
 3.450  -0.1116500
 3.460  -0.1272300
 3.470  -0.1047800
 3.480  -0.0662620
 3.490  -0.0383600
 3.500  -0.0122040
 3.510   0.0300640
 3.520   0.0828550
 3.530   0.1179000
 3.540   0.1325100
 3.550   0.1448300
 3.560   0.1598400
 3.570   0.1554900
 3.580   0.1164900
 3.590   0.0501620
 3.600  -0.0218300
 3.610  -0.0807470
 3.620  -0.1258200
 3.630  -0.1684800
 3.640  -0.2140400
 3.650  -0.2428500
 3.660  -0.2337100
 3.670  -0.1903300
 3.680  -0.1366800
 3.690  -0.0771240
 3.700  -0.0044425
 3.710   0.0735980
 3.720   0.1384200
 3.730   0.1951300
 3.740   0.2515100
 3.750   0.2849200
 3.760   0.2694900
 3.770   0.2201600
 3.780   0.1681500
 3.790   0.1106100
 3.800   0.0341950
 3.810  -0.0415770
 3.820  -0.0815200
 3.830  -0.0919510
 3.840  -0.1033100
 3.850  -0.1200800
 3.860  -0.1244800
 3.870  -0.1227600
 3.880  -0.1303300
 3.890  -0.1359300
 3.900  -0.1203000
 3.910  -0.0951750
 3.920  -0.0806260
 3.930  -0.0669700
 3.940  -0.0370710
 3.950  -0.0063699
 3.960   0.0033546
 3.970   0.0001704
 3.980  -0.0009521
 3.990  -0.0139150
 4.000  -0.0479890
 4.010  -0.0756900
 4.020  -0.0690560
 4.030  -0.0442500
 4.040  -0.0320790
 4.050  -0.0292840
 4.060  -0.0151880
 4.070   0.0104030
 4.080   0.0334830
 4.090   0.0536960
 4.100   0.0795800
 4.110   0.1096400
 4.120   0.1339100
 4.130   0.1470500
 4.140   0.1488900
 4.150   0.1417700
 4.160   0.1331600
 4.170   0.1312100
 4.180   0.1326500
 4.190   0.1299000
 4.200   0.1202000
 4.210   0.1042000
 4.220   0.0803060
 4.230   0.0518230
 4.240   0.0307330
 4.250   0.0243130
 4.260   0.0317250
 4.270   0.0535020
 4.280   0.0944250
 4.290   0.1405200
 4.300   0.1637400
 4.310   0.1547600
 4.320   0.1325500
 4.330   0.1073400
 4.340   0.0667430
 4.350   0.0127660
 4.360  -0.0289080
 4.370  -0.0398600
 4.380  -0.0316630
 4.390  -0.0129210
 4.400   0.0118040
 4.410   0.0309310
 4.420   0.0234670
 4.430  -0.0020478
 4.440  -0.0240110
 4.450  -0.0340540
 4.460  -0.0343160
 4.470  -0.0124770
 4.480   0.0347460
 4.490   0.0851090
 4.500   0.1217700
 4.510   0.1504700
 4.520   0.1697200
 4.530   0.1635200
 4.540   0.1338400
 4.550   0.0978260
 4.560   0.0627380
 4.570   0.0305680
 4.580   0.0149900
 4.590   0.0091570
 4.600  -0.0220800
 4.610  -0.0831130
 4.620  -0.1178300
 4.630  -0.0922900
 4.640  -0.0416160
 4.650   0.0020666
 4.660   0.0572100
 4.670   0.1250300
 4.680   0.1669800
 4.690   0.1706000
 4.700   0.1671800
 4.710   0.1585900
 4.720   0.1200900
 4.730   0.0660210
 4.740   0.0358220
 4.750   0.0198860
 4.760  -0.0151890
 4.770  -0.0506930
 4.780  -0.0552870
 4.790  -0.0521350
 4.800  -0.0769290
 4.810  -0.1079100
 4.820  -0.1158300
 4.830  -0.1147600
 4.840  -0.1181600
 4.850  -0.0969230
 4.860  -0.0436700
 4.870   0.0035421
 4.880   0.0297560
 4.890   0.0692650
 4.900   0.1249400
 4.910   0.1528800
 4.920   0.1425000
 4.930   0.1256200
 4.940   0.1067700
 4.950   0.0544720
 4.960  -0.0149300
 4.970  -0.0527690
 4.980  -0.0558110
 4.990  -0.0661100
 5.000  -0.0761140
 5.010  -0.0426830
 5.020   0.0318490
 5.030   0.0990750
 5.040   0.1470700
 5.050   0.1941600
 5.060   0.2325900
 5.070   0.2376300
 5.080   0.2408900
 5.090   0.2858400
 5.100   0.3508000
 5.110   0.3750000
 5.120   0.3619800
 5.130   0.3495900
 5.140   0.3367100
 5.150   0.2962400
 5.160   0.2446200
 5.170   0.2113900
 5.180   0.1856400
 5.190   0.1350800
 5.200   0.0704010
 5.210   0.0147510
 5.220  -0.0346400
 5.230  -0.0841330
 5.240  -0.1028200
 5.250  -0.0769870
 5.260  -0.0434340
 5.270  -0.0442670
 5.280  -0.0674330
 5.290  -0.0781080
 5.300  -0.0668980
 5.310  -0.0566770
 5.320  -0.0676980
 5.330  -0.0978430
 5.340  -0.1264500
 5.350  -0.1317200
 5.360  -0.1110400
 5.370  -0.0801810
 5.380  -0.0558260
 5.390  -0.0356480
 5.400  -0.0232950
 5.410  -0.0333610
 5.420  -0.0736220
 5.430  -0.1166300
 5.440  -0.1256100
 5.450  -0.0832080
 5.460  -0.0074401
 5.470   0.0866780
 5.480   0.1906200
 5.490   0.2946400
 5.500   0.3713400
 5.510   0.4083600
 5.520   0.4048800
 5.530   0.3738900
 5.540   0.3276500
 5.550   0.2787400
 5.560   0.2281200
 5.570   0.1671100
 5.580   0.0987380
 5.590   0.0372980
 5.600  -0.0066919
 5.610  -0.0451310
 5.620  -0.0818870
 5.630  -0.1165300
 5.640  -0.1520000
 5.650  -0.1927600
 5.660  -0.2158600
 5.670  -0.1953600
 5.680  -0.1492900
 5.690  -0.1216700
 5.700  -0.1177100
 5.710  -0.0996210
 5.720  -0.0611380
 5.730  -0.0326590
 5.740  -0.0243440
 5.750  -0.0088408
 5.760   0.0134780
 5.770   0.0195140
 5.780   0.0210410
 5.790   0.0548160
 5.800   0.0993290
 5.810   0.1051600
 5.820   0.0935200
 5.830   0.1165000
 5.840   0.1399400
 5.850   0.0928680
 5.860   0.0266140
 5.870   0.0556540
 5.880   0.1533300
 5.890   0.1797600
 5.900   0.1200200
 5.910   0.1122300
 5.920   0.1977200
 5.930   0.2584700
 5.940   0.2191700
 5.950   0.1598100
 5.960   0.1506900
 5.970   0.1628600
 5.980   0.1670600
 5.990   0.1976900
 6.000   0.2656000
 6.010   0.3102500
 6.020   0.2844200
 6.030   0.2050000
 6.040   0.1121100
 6.050   0.0172860
 6.060  -0.0706850
 6.070  -0.1322000
 6.080  -0.1544500
 6.090  -0.1499300
 6.100  -0.1429100
 6.110  -0.1471900
 6.120  -0.1532700
 6.130  -0.1434600
 6.140  -0.1228900
 6.150  -0.1135400
 6.160  -0.1032700
 6.170  -0.0564700
 6.180   0.0279230
 6.190   0.1026700
 6.200   0.1531700
 6.210   0.1975900
 6.220   0.2379700
 6.230   0.2346700
 6.240   0.1767800
 6.250   0.0908870
 6.260   0.0062728
 6.270  -0.0855410
 6.280  -0.1802100
 6.290  -0.2516600
 6.300  -0.2762100
 6.310  -0.2641900
 6.320  -0.2326200
 6.330  -0.1879100
 6.340  -0.1229900
 6.350  -0.0442820
 6.360   0.0096003
 6.370   0.0111960
 6.380  -0.0110630
 6.390   0.0051789
 6.400   0.0651260
 6.410   0.1216800
 6.420   0.1527000
 6.430   0.1946400
 6.440   0.2541100
 6.450   0.2917700
 6.460   0.2867900
 6.470   0.2701600
 6.480   0.2649900
 6.490   0.2682500
 6.500   0.2727900
 6.510   0.2715500
 6.520   0.2458000
 6.530   0.1915200
 6.540   0.1326100
 6.550   0.0814180
 6.560   0.0274080
 6.570  -0.0184870
 6.580  -0.0223720
 6.590   0.0045508
 6.600  -0.0002450
 6.610  -0.0669930
 6.620  -0.1597600
 6.630  -0.2427400
 6.640  -0.3266700
 6.650  -0.4192700
 6.660  -0.4865800
 6.670  -0.4882200
 6.680  -0.4356800
 6.690  -0.3801400
 6.700  -0.3518700
 6.710  -0.3285900
 6.720  -0.2857400
 6.730  -0.2488400
 6.740  -0.2525100
 6.750  -0.2703700
 6.760  -0.2572800
 6.770  -0.2292100
 6.780  -0.2298500
 6.790  -0.2430400
 6.800  -0.2404300
 6.810  -0.2558300
 6.820  -0.3336300
 6.830  -0.4379800
 6.840  -0.5275200
 6.850  -0.6238100
 6.860  -0.7246000
 6.870  -0.7541700
 6.880  -0.7116300
 6.890  -0.7133000
 6.900  -0.7933100
 6.910  -0.8046700
 6.920  -0.6464800
 6.930  -0.3923200
 6.940  -0.1228200
 6.950   0.2084300
 6.960   0.5714700
 6.970   0.8174500
 6.980   0.8769800
 6.990   0.8472900
 7.000   0.7513500
 7.010   0.5125000
 7.020   0.1568700
 7.030  -0.1380200
 7.040  -0.3112900
 7.050  -0.4748100
 7.060  -0.6788500
 7.070  -0.8133400
 7.080  -0.8309400
 7.090  -0.8268000
 7.100  -0.8671800
 7.110  -0.8940000
 7.120  -0.8544300
 7.130  -0.7842400
 7.140  -0.7354400
 7.150  -0.7192700
 7.160  -0.7304000
 7.170  -0.7604800
 7.180  -0.7656300
 7.190  -0.7106800
 7.200  -0.6186200
 7.210  -0.5352000
 7.220  -0.4493500
 7.230  -0.3278600
 7.240  -0.1886700
 7.250  -0.0920210
 7.260  -0.0276530
 7.270   0.0783460
 7.280   0.2462000
 7.290   0.3883500
 7.300   0.4555700
 7.310   0.5136800
 7.320   0.6203000
 7.330   0.6938000
 7.340   0.6253800
 7.350   0.4564200
 7.360   0.3116300
 7.370   0.2162700
 7.380   0.1020800
 7.390  -0.0157740
 7.400  -0.0365380
 7.410   0.0705260
 7.420   0.2237700
 7.430   0.3576800
 7.440   0.4755200
 7.450   0.5685000
 7.460   0.5884400
 7.470   0.5059200
 7.480   0.3383700
 7.490   0.0972780
 7.500  -0.1985800
 7.510  -0.4848300
 7.520  -0.6851700
 7.530  -0.7929600
 7.540  -0.8506400
 7.550  -0.8897500
 7.560  -0.9243300
 7.570  -0.9665400
 7.580  -1.0096000
 7.590  -1.0282000
 7.600  -1.0203000
 7.610  -1.0129000
 7.620  -1.0181000
 7.630  -1.0303000
 7.640  -1.0645000
 7.650  -1.1340000
 7.660  -1.2092000
 7.670  -1.2703000
 7.680  -1.3559000
 7.690  -1.4880000
 7.700  -1.6245000
 7.710  -1.7271000
 7.720  -1.7799000
 7.730  -1.6906000
 7.740  -1.3310000
 7.750  -0.7523600
 7.760  -0.1969000
 7.770   0.1847200
 7.780   0.4852000
 7.790   0.7846600
 7.800   1.0069000
 7.810   1.0908000
 7.820   1.1319000
 7.830   1.1949000
 7.840   1.2177000
 7.850   1.1671000
 7.860   1.1153000
 7.870   1.0742000
 7.880   0.9453800
 7.890   0.7177000
 7.900   0.5149000
 7.910   0.3853000
 7.920   0.2274800
 7.930   0.0083890
 7.940  -0.1659600
 7.950  -0.2298300
 7.960  -0.2446900
 7.970  -0.2547900
 7.980  -0.2261800
 7.990  -0.1654200
 8.000  -0.1487900
 8.010  -0.2023600
 8.020  -0.2558500
 8.030  -0.2856500
 8.040  -0.3389600
 8.050  -0.4323600
 8.060  -0.5116400
 8.070  -0.5458900
 8.080  -0.5385600
 8.090  -0.4838600
 8.100  -0.3700500
 8.110  -0.2263500
 8.120  -0.0974750
 8.130   0.0222410
 8.140   0.1678100
 8.150   0.3337800
 8.160   0.4852700
 8.170   0.6372200
 8.180   0.8232600
 8.190   1.0337000
 8.200   1.2264000
 8.210   1.3944000
 8.220   1.5497000
 8.230   1.6800000
 8.240   1.7492000
 8.250   1.7588000
 8.260   1.7717000
 8.270   1.8417000
 8.280   1.9504000
 8.290   2.0291000
 8.300   2.0571000
 8.310   2.0785000
 8.320   2.1375000
 8.330   2.1971000
 8.340   2.1927000
 8.350   2.1254000
 8.360   2.0412000
 8.370   1.9315000
 8.380   1.7393000
 8.390   1.4703000
 8.400   1.2068000
 8.410   1.0036000
 8.420   0.8359300
 8.430   0.6728700
 8.440   0.5418900
 8.450   0.4818100
 8.460   0.4932000
 8.470   0.5514300
 8.480   0.6347900
 8.490   0.7294400
 8.500   0.8355000
 8.510   0.9615800
 8.520   1.1008000
 8.530   1.2369000
 8.540   1.3627000
 8.550   1.4756000
 8.560   1.5614000
 8.570   1.6061000
 8.580   1.6103000
 8.590   1.5855000
 8.600   1.5633000
 8.610   1.5675000
 8.620   1.5410000
 8.630   1.3409000
 8.640   0.8945800
 8.650   0.3309200
 8.660  -0.1486800
 8.670  -0.4787800
 8.680  -0.7331500
 8.690  -0.9468100
 8.700  -1.1174000
 8.710  -1.2663000
 8.720  -1.4225000
 8.730  -1.5821000
 8.740  -1.7678000
 8.750  -2.0131000
 8.760  -2.2702000
 8.770  -2.4463000
 8.780  -2.5557000
 8.790  -2.6958000
 8.800  -2.8767000
 8.810  -3.0023000
 8.820  -3.0388000
 8.830  -3.0102000
 8.840  -2.9207000
 8.850  -2.7709000
 8.860  -2.5897000
 8.870  -2.2801000
 8.880  -1.6482000
 8.890  -0.7016800
 8.900   0.2132600
 8.910   0.8086300
 8.920   1.1543000
 8.930   1.4582000
 8.940   1.7130000
 8.950   1.8176000
 8.960   1.8166000
 8.970   1.8267000
 8.980   1.8489000
 8.990   1.8314000
 9.000   1.8013000
 9.010   1.8030000
 9.020   1.8139000
 9.030   1.8118000
 9.040   1.8279000
 9.050   1.8762000
 9.060   1.8893000
 9.070   1.7969000
 9.080   1.5829000
 9.090   1.2777000
 9.100   0.9025400
 9.110   0.4929100
 9.120   0.1044400
 9.130  -0.1836400
 9.140  -0.3516500
 9.150  -0.4590700
 9.160  -0.5907900
 9.170  -0.7369400
 9.180  -0.8486700
 9.190  -0.9506100
 9.200  -1.1106000
 9.210  -1.2741000
 9.220  -1.3018000
 9.230  -1.1759000
 9.240  -1.0110000
 9.250  -0.8645900
 9.260  -0.7045000
 9.270  -0.5635600
 9.280  -0.5241100
 9.290  -0.5649900
 9.300  -0.5804800
 9.310  -0.5477200
 9.320  -0.5319400
 9.330  -0.5553700
 9.340  -0.5960700
 9.350  -0.6675100
 9.360  -0.7917700
 9.370  -0.9279500
 9.380  -1.0393000
 9.390  -1.1449000
 9.400  -1.2542000
 9.410  -1.3321000
 9.420  -1.3935000
 9.430  -1.4859000
 9.440  -1.5758000
 9.450  -1.5667000
 9.460  -1.4681000
 9.470  -1.3783000
 9.480  -1.3067000
 9.490  -1.1501000
 9.500  -0.8789900
 9.510  -0.5836400
 9.520  -0.3215800
 9.530  -0.0705960
 9.540   0.1716100
 9.550   0.3549300
 9.560   0.4634300
 9.570   0.5244600
 9.580   0.5540100
 9.590   0.5571000
 9.600   0.5664600
 9.610   0.6134900
 9.620   0.6788000
 9.630   0.7326000
 9.640   0.7822800
 9.650   0.8385300
 9.660   0.8652400
 9.670   0.8262400
 9.680   0.7362800
 9.690   0.6364500
 9.700   0.5333900
 9.710   0.4100200
 9.720   0.2583700
 9.730   0.1003000
 9.740  -0.0410060
 9.750  -0.1588500
 9.760  -0.2691600
 9.770  -0.3785900
 9.780  -0.4776300
 9.790  -0.5583100
 9.800  -0.6328800
 9.810  -0.7062100
 9.820  -0.7614600
 9.830  -0.7926200
 9.840  -0.8139800
 9.850  -0.8148800
 9.860  -0.7561100
 9.870  -0.6206000
 9.880  -0.4564300
 9.890  -0.3009400
 9.900  -0.1421600
 9.910   0.0516860
 9.920   0.2418000
 9.930   0.3931800
 9.940   0.5095700
 9.950   0.6227700
 9.960   0.7305600
 9.970   0.8243000
 9.980   0.8918600
 9.990   0.9277400
10.000   0.9296400
10.010   0.8972000
10.020   0.8151100
10.030   0.6561300
10.040   0.4231200
10.050   0.1638300
10.060  -0.0711050
10.070  -0.2600000
10.080  -0.3822500
10.090  -0.4183300
10.100  -0.3902800
10.110  -0.3424700
10.120  -0.2816800
10.130  -0.1960800
10.140  -0.1188400
10.150  -0.0892550
10.160  -0.0901030
10.170  -0.0811560
10.180  -0.0720760
10.190  -0.0945720
10.200  -0.1352100
10.210  -0.1536900
10.220  -0.1482800
10.230  -0.1499700
10.240  -0.1651200
10.250  -0.1807500
10.260  -0.1869000
10.270  -0.1764300
10.280  -0.1453300
10.290  -0.1130300
10.300  -0.0963070
10.310  -0.0804890
10.320  -0.0493740
10.330  -0.0245260
10.340  -0.0321610
10.350  -0.0560520
10.360  -0.0666760
10.370  -0.0603250
10.380  -0.0386100
10.390   0.0037907
10.400   0.0447700
10.410   0.0448810
10.420   0.0042284
10.430  -0.0411250
10.440  -0.0841700
10.450  -0.1369700
10.460  -0.1742600
10.470  -0.1496500
10.480  -0.0712250
10.490   0.0254160
10.500   0.1408700
10.510   0.2842300
10.520   0.4175700
10.530   0.5087400
10.540   0.5793000
10.550   0.6511200
10.560   0.6986900
10.570   0.7021200
10.580   0.6804100
10.590   0.6557600
10.600   0.6237900
10.610   0.5829000
10.620   0.5337500
10.630   0.4683000
10.640   0.3899800
10.650   0.3288500
10.660   0.2855700
10.670   0.2158300
10.680   0.1101500
10.690   0.0229940
10.700  -0.0229950
10.710  -0.0835040
10.720  -0.1896200
10.730  -0.2931300
10.740  -0.3552100
10.750  -0.4141600
10.760  -0.5103700
10.770  -0.6231500
10.780  -0.7170600
10.790  -0.8042400
10.800  -0.9088700
10.810  -1.0187000
10.820  -1.1089000
10.830  -1.1808000
10.840  -1.2350000
10.850  -1.2340000
10.860  -1.1462000
10.870  -1.0039000
10.880  -0.8745900
10.890  -0.7643100
10.900  -0.6186900
10.910  -0.4224500
10.920  -0.2384800
10.930  -0.1141400
10.940  -0.0169890
10.950   0.0868090
10.960   0.1608600
10.970   0.1693300
10.980   0.1514400
10.990   0.1553500
11.000   0.1573300
11.010   0.1266800
11.020   0.0953140
11.030   0.1056000
11.040   0.1384500
11.050   0.1640100
11.060   0.1936800
11.070   0.2386700
11.080   0.2732800
11.090   0.2843100
11.100   0.2917500
11.110   0.2930000
11.120   0.2455900
11.130   0.1437200
11.140   0.0257680
11.150  -0.0910210
11.160  -0.2378300
11.170  -0.4100400
11.180  -0.5689000
11.190  -0.6957300
11.200  -0.8133100
11.210  -0.9158600
11.220  -0.9702200
11.230  -0.9695000
11.240  -0.9575400
11.250  -0.9697500
11.260  -0.9942100
11.270  -1.0011000
11.280  -0.9882600
11.290  -0.9688200
11.300  -0.9304800
11.310  -0.8429700
11.320  -0.7002400
11.330  -0.5378100
11.340  -0.3809600
11.350  -0.2249100
11.360  -0.0679860
11.370   0.0484720
11.380   0.0991990
11.390   0.1171500
11.400   0.1501800
11.410   0.1934400
11.420   0.2194100
11.430   0.2373800
11.440   0.2696900
11.450   0.2926900
11.460   0.2576000
11.470   0.1625900
11.480   0.0532650
11.490  -0.0496050
11.500  -0.1579000
11.510  -0.2629700
11.520  -0.3205400
11.530  -0.3229300
11.540  -0.3136800
11.550  -0.3228700
11.560  -0.3266000
11.570  -0.3024300
11.580  -0.2700000
11.590  -0.2511400
11.600  -0.2384400
11.610  -0.2228300
11.620  -0.2168800
11.630  -0.2190100
11.640  -0.2050400
11.650  -0.1701000
11.660  -0.1356600
11.670  -0.1029200
11.680  -0.0471380
11.690   0.0375290
11.700   0.1375200
11.710   0.2480400
11.720   0.3678100
11.730   0.4770000
11.740   0.5647000
11.750   0.6475700
11.760   0.7318000
11.770   0.7776000
11.780   0.7604100
11.790   0.7135200
11.800   0.6817400
11.810   0.6613900
11.820   0.6326300
11.830   0.5985700
11.840   0.5734000
11.850   0.5484500
11.860   0.5053600
11.870   0.4421000
11.880   0.3716800
11.890   0.3006700
11.900   0.2260700
11.910   0.1458600
11.920   0.0718130
11.930   0.0281790
11.940   0.0251020
11.950   0.0473860
11.960   0.0810590
11.970   0.1303800
11.980   0.1930300
11.990   0.2503900
12.000   0.3002600
12.010   0.3537400
12.020   0.3993800
12.030   0.4027700
12.040   0.3544800
12.050   0.2718000
12.060   0.1509600
12.070  -0.0179760
12.080  -0.2014300
12.090  -0.3359900
12.100  -0.4216000
12.110  -0.4975000
12.120  -0.5728800
12.130  -0.6166200
12.140  -0.6286600
12.150  -0.6304400
12.160  -0.6180500
12.170  -0.5640800
12.180  -0.4739400
12.190  -0.3751800
12.200  -0.2629900
12.210  -0.1107900
12.220   0.0578170
12.230   0.1934200
12.240   0.2877700
12.250   0.3853400
12.260   0.4988200
12.270   0.6037500
12.280   0.6762700
12.290   0.7384300
12.300   0.8062800
12.310   0.8723500
12.320   0.9222300
12.330   0.9656200
12.340   1.0009000
12.350   1.0117000
12.360   0.9936600
12.370   0.9653900
12.380   0.9330100
12.390   0.8917500
12.400   0.8499600
12.410   0.8279100
12.420   0.8211200
12.430   0.8125100
12.440   0.8047200
12.450   0.8174200
12.460   0.8436200
12.470   0.8576700
12.480   0.8561100
12.490   0.8576900
12.500   0.8655100
12.510   0.8686400
12.520   0.8705600
12.530   0.8784800
12.540   0.8772000
12.550   0.8446500
12.560   0.7876200
12.570   0.7303800
12.580   0.6819800
12.590   0.6363600
12.600   0.6008100
12.610   0.5928100
12.620   0.6176100
12.630   0.6580000
12.640   0.6964900
12.650   0.7284100
12.660   0.7613800
12.670   0.7970600
12.680   0.8270000
12.690   0.8429400
12.700   0.8547700
12.710   0.8742200
12.720   0.8896600
12.730   0.8825100
12.740   0.8625300
12.750   0.8485500
12.760   0.8243400
12.770   0.7593300
12.780   0.6680100
12.790   0.5902600
12.800   0.5207700
12.810   0.4212200
12.820   0.3004900
12.830   0.2088300
12.840   0.1518700
12.850   0.0895880
12.860   0.0132740
12.870  -0.0410840
12.880  -0.0650220
12.890  -0.0872670
12.900  -0.1202100
12.910  -0.1453600
12.920  -0.1561800
12.930  -0.1643200
12.940  -0.1739900
12.950  -0.1827200
12.960  -0.1938900
12.970  -0.2066300
12.980  -0.2075800
12.990  -0.1941600
13.000  -0.1765900
13.010  -0.1550500
13.020  -0.1143800
13.030  -0.0579130
13.040  -0.0049076
13.050   0.0371770
13.060   0.0764220
13.070   0.1097500
13.080   0.1286200
13.090   0.1353700
13.100   0.1413500
13.110   0.1438600
13.120   0.1320700
13.130   0.1043000
13.140   0.0694290
13.150   0.0291530
13.160  -0.0192660
13.170  -0.0721180
13.180  -0.1234100
13.190  -0.1726900
13.200  -0.2207000
13.210  -0.2586900
13.220  -0.2781200
13.230  -0.2805400
13.240  -0.2759800
13.250  -0.2709800
13.260  -0.2724600
13.270  -0.2852400
13.280  -0.3111300
13.290  -0.3425000
13.300  -0.3730200
13.310  -0.4016400
13.320  -0.4354200
13.330  -0.4745400
13.340  -0.5158500
13.350  -0.5531900
13.360  -0.5812200
13.370  -0.5923400
13.380  -0.5865300
13.390  -0.5747200
13.400  -0.5721100
13.410  -0.5786400
13.420  -0.5828200
13.430  -0.5784100
13.440  -0.5691900
13.450  -0.5553000
13.460  -0.5353800
13.470  -0.5206100
13.480  -0.5254000
13.490  -0.5429100
13.500  -0.5486900
13.510  -0.5386600
13.520  -0.5237700
13.530  -0.4969100
13.540  -0.4436500
13.550  -0.3788300
13.560  -0.3304300
13.570  -0.2903000
13.580  -0.2354700
13.590  -0.1719300
13.600  -0.1265200
13.610  -0.0981160
13.620  -0.0698440
13.630  -0.0465350
13.640  -0.0465140
13.650  -0.0651690
13.660  -0.0866340
13.670  -0.1138800
13.680  -0.1574400
13.690  -0.2105300
13.700  -0.2646500
13.710  -0.3220100
13.720  -0.3801300
13.730  -0.4260400
13.740  -0.4597100
13.750  -0.4926300
13.760  -0.5245100
13.770  -0.5424000
13.780  -0.5461200
13.790  -0.5478200
13.800  -0.5497800
13.810  -0.5432300
13.820  -0.5275900
13.830  -0.5083600
13.840  -0.4856100
13.850  -0.4606900
13.860  -0.4433700
13.870  -0.4353200
13.880  -0.4230100
13.890  -0.4058900
13.900  -0.4084400
13.910  -0.4415400
13.920  -0.4779100
13.930  -0.4929400
13.940  -0.5041100
13.950  -0.5341700
13.960  -0.5685500
13.970  -0.5798700
13.980  -0.5808800
13.990  -0.6011900
14.000  -0.6354300
14.010  -0.6541600
14.020  -0.6579400
14.030  -0.6704700
14.040  -0.6897000
14.050  -0.6906500
14.060  -0.6705900
14.070  -0.6518800
14.080  -0.6404400
14.090  -0.6165700
14.100  -0.5702500
14.110  -0.5165200
14.120  -0.4702700
14.130  -0.4328400
14.140  -0.4041500
14.150  -0.3900200
14.160  -0.3912700
14.170  -0.4048900
14.180  -0.4240800
14.190  -0.4427400
14.200  -0.4598500
14.210  -0.4846800
14.220  -0.5228600
14.230  -0.5618300
14.240  -0.5874800
14.250  -0.6027300
14.260  -0.6179800
14.270  -0.6205800
14.280  -0.5936300
14.290  -0.5407200
14.300  -0.4787700
14.310  -0.4127300
14.320  -0.3400200
14.330  -0.2644100
14.340  -0.1862400
14.350  -0.1011000
14.360  -0.0114140
14.370   0.0671620
14.380   0.1337800
14.390   0.2004400
14.400   0.2667100
14.410   0.3119900
14.420   0.3317100
14.430   0.3395200
14.440   0.3437600
14.450   0.3388700
14.460   0.3289600
14.470   0.3240700
14.480   0.3265600
14.490   0.3315400
14.500   0.3425300
14.510   0.3615100
14.520   0.3743200
14.530   0.3682700
14.540   0.3525700
14.550   0.3430100
14.560   0.3282100
14.570   0.2926700
14.580   0.2488600
14.590   0.2248200
14.600   0.2155500
14.610   0.1888500
14.620   0.1366900
14.630   0.0842570
14.640   0.0454100
14.650   0.0030220
14.660  -0.0487940
14.670  -0.0877210
14.680  -0.0950880
14.690  -0.0814620
14.700  -0.0644120
14.710  -0.0453920
14.720  -0.0221900
14.730  -0.0016632
14.740   0.0080097
14.750   0.0102320
14.760   0.0126480
14.770   0.0228100
14.780   0.0433160
14.790   0.0666630
14.800   0.0804380
14.810   0.0830020
14.820   0.0806170
14.830   0.0654700
14.840   0.0257910
14.850  -0.0320540
14.860  -0.0816030
14.870  -0.1134300
14.880  -0.1384400
14.890  -0.1682800
14.900  -0.1944500
14.910  -0.2123700
14.920  -0.2278800
14.930  -0.2440100
14.940  -0.2515000
14.950  -0.2477000
14.960  -0.2420300
14.970  -0.2354200
14.980  -0.2205500
14.990  -0.1954800
15.000  -0.1684400
15.010  -0.1348100
15.020  -0.0834290
15.030  -0.0226750
15.040   0.0209530
15.050   0.0427900
15.060   0.0710180
15.070   0.1161100
15.080   0.1528800
15.090   0.1600300
15.100   0.1606000
15.110   0.1800400
15.120   0.2057400
15.130   0.2115300
15.140   0.2077100
15.150   0.2192200
15.160   0.2406600
15.170   0.2449600
15.180   0.2305300
15.190   0.2212300
15.200   0.2198400
15.210   0.2007700
15.220   0.1561300
15.230   0.1083500
15.240   0.0640520
15.250   0.0037391
15.260  -0.0764510
15.270  -0.1476400
15.280  -0.1914900
15.290  -0.2190400
15.300  -0.2418400
15.310  -0.2537000
15.320  -0.2535800
15.330  -0.2513200
15.340  -0.2419000
15.350  -0.2176100
15.360  -0.1947200
15.370  -0.1935900
15.380  -0.1954900
15.390  -0.1754400
15.400  -0.1482100
15.410  -0.1413600
15.420  -0.1495600
15.430  -0.1550100
15.440  -0.1659500
15.450  -0.1901000
15.460  -0.2086900
15.470  -0.2066600
15.480  -0.2012000
15.490  -0.2073200
15.500  -0.2129400
15.510  -0.2099200
15.520  -0.2100400
15.530  -0.2217000
15.540  -0.2396300
15.550  -0.2569500
15.560  -0.2592100
15.570  -0.2275700
15.580  -0.1654700
15.590  -0.1016000
15.600  -0.0414660
15.610   0.0419260
15.620   0.1628900
15.630   0.2906700
15.640   0.3949500
15.650   0.4784100
15.660   0.5620400
15.670   0.6504500
15.680   0.7365900
15.690   0.8188700
15.700   0.9059700
15.710   1.0081000
15.720   1.1169000
15.730   1.2101000
15.740   1.2745000
15.750   1.3245000
15.760   1.3666000
15.770   1.3925000
15.780   1.3978000
15.790   1.3969000
15.800   1.3925000
15.810   1.3676000
15.820   1.3151000
15.830   1.2474000
15.840   1.1712000
15.850   1.0737000
15.860   0.9558500
15.870   0.8417800
15.880   0.7566100
15.890   0.7043600
15.900   0.6768600
15.910   0.6677100
15.920   0.6759400
15.930   0.7052500
15.940   0.7578600
15.950   0.8290100
15.960   0.9062200
15.970   0.9765100
15.980   1.0348000
15.990   1.0850000
16.000   1.1276000
16.010   1.1525000
16.020   1.1573000
16.030   1.1546000
16.040   1.1415000
16.050   1.0868000
16.060   0.9709200
16.070   0.8232800
16.080   0.6783900
16.090   0.5296900
16.100   0.3576900
16.110   0.1930600
16.120   0.0722480
16.130  -0.0178460
16.140  -0.1150500
16.150  -0.2140100
16.160  -0.2869000
16.170  -0.3294400
16.180  -0.3593500
16.190  -0.3832500
16.200  -0.4006400
16.210  -0.4176100
16.220  -0.4322900
16.230  -0.4307300
16.240  -0.4135700
16.250  -0.3990100
16.260  -0.3957000
16.270  -0.3932200
16.280  -0.3880100
16.290  -0.3875700
16.300  -0.3979200
16.310  -0.4132600
16.320  -0.4292700
16.330  -0.4439600
16.340  -0.4507200
16.350  -0.4400000
16.360  -0.4126100
16.370  -0.3810200
16.380  -0.3547100
16.390  -0.3266100
16.400  -0.2823900
16.410  -0.2241500
16.420  -0.1720700
16.430  -0.1348600
16.440  -0.1079100
16.450  -0.0924520
16.460  -0.0944900
16.470  -0.1020500
16.480  -0.0953050
16.490  -0.0741890
16.500  -0.0578880
16.510  -0.0493100
16.520  -0.0308240
16.530   0.0049446
16.540   0.0399930
16.550   0.0615410
16.560   0.0697660
16.570   0.0718070
16.580   0.0727000
16.590   0.0763120
16.600   0.0789010
16.610   0.0765630
16.620   0.0709720
16.630   0.0659840
16.640   0.0633230
16.650   0.0640790
16.660   0.0736540
16.670   0.0902120
16.680   0.1043700
16.690   0.1156700
16.700   0.1342500
16.710   0.1551400
16.720   0.1566500
16.730   0.1358000
16.740   0.1127100
16.750   0.1004300
16.760   0.0860570
16.770   0.0607590
16.780   0.0375670
16.790   0.0332670
16.800   0.0464000
16.810   0.0668870
16.820   0.0938500
16.830   0.1264600
16.840   0.1599900
16.850   0.1874300
16.860   0.2117800
16.870   0.2398600
16.880   0.2766200
16.890   0.3171400
16.900   0.3546700
16.910   0.3878200
16.920   0.4147000
16.930   0.4279500
16.940   0.4175500
16.950   0.3777800
16.960   0.3158800
16.970   0.2470800
16.980   0.1764300
16.990   0.0927930
17.000  -0.0132870
17.010  -0.1277400
17.020  -0.2224000
17.030  -0.2816000
17.040  -0.3274200
17.050  -0.3840700
17.060  -0.4500100
17.070  -0.5046900
17.080  -0.5443000
17.090  -0.5837100
17.100  -0.6309600
17.110  -0.6770100
17.120  -0.7085500
17.130  -0.7300100
17.140  -0.7536000
17.150  -0.7868300
17.160  -0.8239200
17.170  -0.8573400
17.180  -0.8823700
17.190  -0.9023600
17.200  -0.9173300
17.210  -0.9199800
17.220  -0.8986600
17.230  -0.8592300
17.240  -0.8200900
17.250  -0.7917300
17.260  -0.7619200
17.270  -0.7263100
17.280  -0.7019400
17.290  -0.7021700
17.300  -0.7109300
17.310  -0.7144200
17.320  -0.7193400
17.330  -0.7311500
17.340  -0.7260000
17.350  -0.6839800
17.360  -0.6191800
17.370  -0.5573200
17.380  -0.4923700
17.390  -0.4109100
17.400  -0.3269600
17.410  -0.2606000
17.420  -0.2021600
17.430  -0.1405100
17.440  -0.0902720
17.450  -0.0669370
17.460  -0.0540650
17.470  -0.0357970
17.480  -0.0183710
17.490  -0.0126510
17.500  -0.0005703
17.510   0.0327990
17.520   0.0756200
17.530   0.1046900
17.540   0.1244700
17.550   0.1417600
17.560   0.1509700
17.570   0.1477900
17.580   0.1452200
17.590   0.1446100
17.600   0.1342900
17.610   0.1116500
17.620   0.0955260
17.630   0.0967900
17.640   0.1041400
17.650   0.1041800
17.660   0.1021300
17.670   0.1047300
17.680   0.1062000
17.690   0.1028200
17.700   0.1017300
17.710   0.1078100
17.720   0.1146600
17.730   0.1182100
17.740   0.1223000
17.750   0.1315500
17.760   0.1381400
17.770   0.1347500
17.780   0.1268200
17.790   0.1276900
17.800   0.1345500
17.810   0.1339100
17.820   0.1223500
17.830   0.1169800
17.840   0.1307300
17.850   0.1541500
17.860   0.1710900
17.870   0.1855100
17.880   0.2093500
17.890   0.2377300
17.900   0.2558100
17.910   0.2622400
17.920   0.2656400
17.930   0.2655100
17.940   0.2558800
17.950   0.2356400
17.960   0.2043900
17.970   0.1532300
17.980   0.0805040
17.990  -0.0022518
18.000  -0.0841650
18.010  -0.1667300
18.020  -0.2498700
18.030  -0.3234100
18.040  -0.3830000
18.050  -0.4317100
18.060  -0.4700100
18.070  -0.4911100
18.080  -0.5008500
18.090  -0.5078200
18.100  -0.5155500
18.110  -0.5221400
18.120  -0.5322200
18.130  -0.5418600
18.140  -0.5379400
18.150  -0.5180900
18.160  -0.5023700
18.170  -0.5031700
18.180  -0.5037800
18.190  -0.4876400
18.200  -0.4698600
18.210  -0.4708500
18.220  -0.4812300
18.230  -0.4795700
18.240  -0.4665600
18.250  -0.4511200
18.260  -0.4264500
18.270  -0.3873800
18.280  -0.3501200
18.290  -0.3263100
18.300  -0.2952100
18.310  -0.2398100
18.320  -0.1813800
18.330  -0.1471300
18.340  -0.1217500
18.350  -0.0787300
18.360  -0.0303170
18.370  -0.0052944
18.380   0.0031809
18.390   0.0243850
18.400   0.0625670
18.410   0.1000600
18.420   0.1339600
18.430   0.1753100
18.440   0.2210800
18.450   0.2564100
18.460   0.2790700
18.470   0.2940100
18.480   0.2988600
18.490   0.2849400
18.500   0.2522200
18.510   0.2082100
18.520   0.1633500
18.530   0.1216700
18.540   0.0873680
18.550   0.0626420
18.560   0.0423220
18.570   0.0156790
18.580  -0.0165310
18.590  -0.0379910
18.600  -0.0361200
18.610  -0.0215380
18.620  -0.0167740
18.630  -0.0221770
18.640  -0.0220730
18.650  -0.0180680
18.660  -0.0269430
18.670  -0.0481470
18.680  -0.0640210
18.690  -0.0714320
18.700  -0.0842200
18.710  -0.1060500
18.720  -0.1234200
18.730  -0.1326700
18.740  -0.1501800
18.750  -0.1883000
18.760  -0.2398900
18.770  -0.2881800
18.780  -0.3235800
18.790  -0.3453600
18.800  -0.3505800
18.810  -0.3315000
18.820  -0.2921400
18.830  -0.2526500
18.840  -0.2231600
18.850  -0.1950200
18.860  -0.1682500
18.870  -0.1623700
18.880  -0.1811100
18.890  -0.2045800
18.900  -0.2215400
18.910  -0.2578100
18.920  -0.3246000
18.930  -0.3975700
18.940  -0.4421100
18.950  -0.4648800
18.960  -0.4740600
18.970  -0.4648500
18.980  -0.4316500
18.990  -0.3806000
19.000  -0.3058000
19.010  -0.2071400
19.020  -0.1079100
19.030  -0.0251490
19.040   0.0559900
19.050   0.1480300
19.060   0.2346800
19.070   0.2987800
19.080   0.3571800
19.090   0.4266400
19.100   0.4989600
19.110   0.5571500
19.120   0.6047300
19.130   0.6385300
19.140   0.6490900
19.150   0.6442200
19.160   0.6456800
19.170   0.6523000
19.180   0.6505600
19.190   0.6451700
19.200   0.6449100
19.210   0.6401600
19.220   0.6223100
19.230   0.6054200
19.240   0.5956400
19.250   0.5748100
19.260   0.5359600
19.270   0.5026600
19.280   0.4869200
19.290   0.4690900
19.300   0.4379600
19.310   0.4110100
19.320   0.3982500
19.330   0.3829300
19.340   0.3550700
19.350   0.3297500
19.360   0.3135300
19.370   0.2905900
19.380   0.2516900
19.390   0.2115500
19.400   0.1820000
19.410   0.1579900
19.420   0.1322500
19.430   0.1098900
19.440   0.1004700
19.450   0.1072600
19.460   0.1267800
19.470   0.1517800
19.480   0.1757200
19.490   0.1966900
19.500   0.2177000
19.510   0.2378700
19.520   0.2576000
19.530   0.2785900
19.540   0.3045100
19.550   0.3303000
19.560   0.3547300
19.570   0.3764200
19.580   0.3971400
19.590   0.4140800
19.600   0.4259500
19.610   0.4259100
19.620   0.4055600
19.630   0.3542400
19.640   0.2771900
19.650   0.1924500
19.660   0.1203800
19.670   0.0591280
19.680  -0.0004653
19.690  -0.0621050
19.700  -0.1115700
19.710  -0.1359400
19.720  -0.1372300
19.730  -0.1244300
19.740  -0.0970360
19.750  -0.0492320
19.760   0.0081324
19.770   0.0569110
19.780   0.0935220
19.790   0.1283400
19.800   0.1631700
19.810   0.1891900
19.820   0.2069200
19.830   0.2265500
19.840   0.2537800
19.850   0.2773900
19.860   0.2842500
19.870   0.2739900
19.880   0.2579800
19.890   0.2444400
19.900   0.2324100
19.910   0.2142400
19.920   0.1895200
19.930   0.1712400
19.940   0.1722700
19.950   0.1853900
19.960   0.1967600
19.970   0.2022400
19.980   0.2109500
19.990   0.2277800
20.000   0.2526900
20.010   0.2812300
20.020   0.3116000
20.030   0.3427500
20.040   0.3780100
20.050   0.4150200
20.060   0.4377700
20.070   0.4308600
20.080   0.4048100
20.090   0.3866600
20.100   0.3805300
20.110   0.3660000
20.120   0.3357900
20.130   0.3073900
20.140   0.2866900
20.150   0.2568500
20.160   0.2127800
20.170   0.1748100
20.180   0.1560700
20.190   0.1435700
20.200   0.1250500
20.210   0.1126400
20.220   0.1186300
20.230   0.1318800
20.240   0.1336500
20.250   0.1254300
20.260   0.1145900
20.270   0.0947990
20.280   0.0554220
20.290   0.0062739
20.300  -0.0311870
20.310  -0.0515730
20.320  -0.0689110
20.330  -0.0924040
20.340  -0.1154700
20.350  -0.1374900
20.360  -0.1685900
20.370  -0.2094000
20.380  -0.2431600
20.390  -0.2655500
20.400  -0.2908200
20.410  -0.3244700
20.420  -0.3509100
20.430  -0.3593700
20.440  -0.3635700
20.450  -0.3787500
20.460  -0.3990000
20.470  -0.4074600
20.480  -0.4051500
20.490  -0.4006200
20.500  -0.3939700
20.510  -0.3780400
20.520  -0.3550200
20.530  -0.3321100
20.540  -0.3111000
20.550  -0.2883200
20.560  -0.2645400
20.570  -0.2457800
20.580  -0.2296400
20.590  -0.2091800
20.600  -0.1863000
20.610  -0.1717600
20.620  -0.1685400
20.630  -0.1692300
20.640  -0.1670600
20.650  -0.1587500
20.660  -0.1434100
20.670  -0.1255400
20.680  -0.1102500
20.690  -0.0961630
20.700  -0.0746500
20.710  -0.0501690
20.720  -0.0296150
20.730  -0.0126710
20.740   0.0116300
20.750   0.0336760
20.760   0.0397640
20.770   0.0297110
20.780   0.0144650
20.790  -0.0069389
20.800  -0.0352730
20.810  -0.0624620
20.820  -0.0904940
20.830  -0.1330600
20.840  -0.1861900
20.850  -0.2210700
20.860  -0.2267000
20.870  -0.2219800
20.880  -0.2118900
20.890  -0.1760000
20.900  -0.1087100
20.910  -0.0353760
20.920   0.0334680
20.930   0.1106900
20.940   0.1923000
20.950   0.2513100
20.960   0.2853800
20.970   0.3230700
20.980   0.3693900
20.990   0.3999200
21.000   0.4051800
21.010   0.4060900
21.020   0.4071400
21.030   0.3862300
21.040   0.3338200
21.050   0.2696000
21.060   0.2064100
21.070   0.1401300
21.080   0.0796900
21.090   0.0413980
21.100   0.0175370
21.110  -0.0156880
21.120  -0.0561200
21.130  -0.0841350
21.140  -0.0989460
21.150  -0.1188000
21.160  -0.1452100
21.170  -0.1594800
21.180  -0.1543200
21.190  -0.1377600
21.200  -0.1158800
21.210  -0.0881080
21.220  -0.0610580
21.230  -0.0444750
21.240  -0.0459190
21.250  -0.0684440
21.260  -0.1044800
21.270  -0.1414300
21.280  -0.1755500
21.290  -0.2177500
21.300  -0.2665700
21.310  -0.3088700
21.320  -0.3410200
21.330  -0.3796200
21.340  -0.4296500
21.350  -0.4752700
21.360  -0.5022400
21.370  -0.5115800
21.380  -0.5059800
21.390  -0.4844500
21.400  -0.4503000
21.410  -0.4066500
21.420  -0.3520400
21.430  -0.2939000
21.440  -0.2482200
21.450  -0.2195500
21.460  -0.1954000
21.470  -0.1721800
21.480  -0.1597400
21.490  -0.1596600
21.500  -0.1610600
21.510  -0.1615700
21.520  -0.1716600
21.530  -0.1910500
21.540  -0.2109900
21.550  -0.2251200
21.560  -0.2331200
21.570  -0.2304300
21.580  -0.2188000
21.590  -0.2077600
21.600  -0.2036600
21.610  -0.2008800
21.620  -0.1925900
21.630  -0.1834700
21.640  -0.1789800
21.650  -0.1784400
21.660  -0.1776100
21.670  -0.1785900
21.680  -0.1833900
21.690  -0.1917400
21.700  -0.2027100
21.710  -0.2190300
21.720  -0.2418900
21.730  -0.2653500
21.740  -0.2851300
21.750  -0.3046500
21.760  -0.3262600
21.770  -0.3425500
21.780  -0.3483300
21.790  -0.3539600
21.800  -0.3684600
21.810  -0.3824400
21.820  -0.3780000
21.830  -0.3596900
21.840  -0.3410300
21.850  -0.3231500
21.860  -0.2981800
21.870  -0.2707000
21.880  -0.2492300
21.890  -0.2313700
21.900  -0.2116700
21.910  -0.1944500
21.920  -0.1887800
21.930  -0.1928900
21.940  -0.2015200
21.950  -0.2130200
21.960  -0.2284500
21.970  -0.2444500
21.980  -0.2593000
21.990  -0.2690100
22.000  -0.2704000
22.010  -0.2658500
22.020  -0.2633400
22.030  -0.2590400
22.040  -0.2405800
22.050  -0.2074900
22.060  -0.1748100
22.070  -0.1500100
22.080  -0.1254800
22.090  -0.0992430
22.100  -0.0801460
22.110  -0.0680180
22.120  -0.0480850
22.130  -0.0152470
22.140   0.0186740
22.150   0.0453920
22.160   0.0721450
22.170   0.1018100
22.180   0.1275200
22.190   0.1425700
22.200   0.1527600
22.210   0.1624400
22.220   0.1712600
22.230   0.1743400
22.240   0.1684000
22.250   0.1552100
22.260   0.1412500
22.270   0.1293500
22.280   0.1103400
22.290   0.0807630
22.300   0.0555110
22.310   0.0538260
22.320   0.0704720
22.330   0.0854690
22.340   0.0987310
22.350   0.1280900
22.360   0.1742200
22.370   0.2167900
22.380   0.2465800
22.390   0.2752200
22.400   0.3083000
22.410   0.3345100
22.420   0.3443600
22.430   0.3448400
22.440   0.3443000
22.450   0.3394500
22.460   0.3259000
22.470   0.3064200
22.480   0.2878000
22.490   0.2714000
22.500   0.2592400
22.510   0.2509600
22.520   0.2446200
22.530   0.2366000
22.540   0.2299200
22.550   0.2244500
22.560   0.2158600
22.570   0.2006000
22.580   0.1870100
22.590   0.1820200
22.600   0.1825600
22.610   0.1806700
22.620   0.1784900
22.630   0.1789200
22.640   0.1779000
22.650   0.1753200
22.660   0.1810100
22.670   0.1953800
22.680   0.2036600
22.690   0.2004700
22.700   0.1992200
22.710   0.2040000
22.720   0.1956700
22.730   0.1592500
22.740   0.1102300
22.750   0.0650860
22.760   0.0210440
22.770  -0.0252160
22.780  -0.0543820
22.790  -0.0551700
22.800  -0.0409640
22.810  -0.0305340
22.820  -0.0175950
22.830   0.0106400
22.840   0.0497370
22.850   0.0781760
22.860   0.0890250
22.870   0.0926030
22.880   0.1043800
22.890   0.1202200
22.900   0.1250400
22.910   0.1106100
22.920   0.0908430
22.930   0.0804420
22.940   0.0761640
22.950   0.0640120
22.960   0.0440580
22.970   0.0250530
22.980   0.0074147
22.990  -0.0139400
23.000  -0.0340340
23.010  -0.0460410
23.020  -0.0528960
23.030  -0.0598710
23.040  -0.0612640
23.050  -0.0470700
23.060  -0.0212440
23.070   0.0046208
23.080   0.0261000
23.090   0.0475640
23.100   0.0672870
23.110   0.0799670
23.120   0.0843600
23.130   0.0874800
23.140   0.0933940
23.150   0.0994450
23.160   0.1020500
23.170   0.1066900
23.180   0.1181500
23.190   0.1335800
23.200   0.1493000
23.210   0.1720800
23.220   0.2044700
23.230   0.2333900
23.240   0.2439400
23.250   0.2428100
23.260   0.2443600
23.270   0.2486900
23.280   0.2480500
23.290   0.2445300
23.300   0.2431500
23.310   0.2364000
23.320   0.2170800
23.330   0.1918200
23.340   0.1742100
23.350   0.1643600
23.360   0.1599000
23.370   0.1611600
23.380   0.1646200
23.390   0.1602900
23.400   0.1505600
23.410   0.1454100
23.420   0.1455800
23.430   0.1451000
23.440   0.1452900
23.450   0.1487500
23.460   0.1469900
23.470   0.1341800
23.480   0.1191500
23.490   0.1071700
23.500   0.0871400
23.510   0.0538570
23.520   0.0257320
23.530   0.0150740
23.540   0.0096331
23.550  -0.0053817
23.560  -0.0164890
23.570  -0.0100730
23.580   0.0052703
23.590   0.0135070
23.600   0.0211680
23.610   0.0371210
23.620   0.0532020
23.630   0.0532990
23.640   0.0429490
23.650   0.0386500
23.660   0.0415900
23.670   0.0356950
23.680   0.0171760
23.690   0.0019863
23.700   0.0000478
23.710   0.0003310
23.720  -0.0110550
23.730  -0.0272620
23.740  -0.0357230
23.750  -0.0360820
23.760  -0.0368800
23.770  -0.0388520
23.780  -0.0386240
23.790  -0.0386960
23.800  -0.0432180
23.810  -0.0478700
23.820  -0.0450490
23.830  -0.0365670
23.840  -0.0302240
23.850  -0.0268780
23.860  -0.0220800
23.870  -0.0138970
23.880  -0.0051347
23.890   0.0046042
23.900   0.0149230
23.910   0.0229530
23.920   0.0245430
23.930   0.0242820
23.940   0.0262590
23.950   0.0269670
23.960   0.0168470
23.970  -0.0007713
23.980  -0.0157990
23.990  -0.0240050
24.000  -0.0293030
24.010  -0.0282540
24.020  -0.0159670
24.030   0.0016676
24.040   0.0143490
24.050   0.0254320
24.060   0.0433380
24.070   0.0623270
24.080   0.0687700
24.090   0.0630820
24.100   0.0570280
24.110   0.0539760
24.120   0.0467600
24.130   0.0325360
24.140   0.0161010
24.150  -0.0002206
24.160  -0.0158920
24.170  -0.0301250
24.180  -0.0415010
24.190  -0.0521750
24.200  -0.0587690
24.210  -0.0578180
24.220  -0.0519010
24.230  -0.0490650
24.240  -0.0473980
24.250  -0.0393190
24.260  -0.0263210
24.270  -0.0181890
24.280  -0.0187920
24.290  -0.0201370
24.300  -0.0175230
24.310  -0.0132230
24.320  -0.0117690
24.330  -0.0116610
24.340  -0.0122630
24.350  -0.0084194
24.360   0.0066554
24.370   0.0322770
24.380   0.0541580
24.390   0.0657370
24.400   0.0744020
24.410   0.0865560
24.420   0.0920270
24.430   0.0805550
24.440   0.0567200
24.450   0.0329300
24.460   0.0096321
24.470  -0.0190940
24.480  -0.0545870
24.490  -0.0920960
24.500  -0.1272200
24.510  -0.1566100
24.520  -0.1824600
24.530  -0.2081000
24.540  -0.2307300
24.550  -0.2414400
24.560  -0.2385700
24.570  -0.2294700
24.580  -0.2205900
24.590  -0.2085200
24.600  -0.1891000
24.610  -0.1647200
24.620  -0.1402000
24.630  -0.1204700
24.640  -0.1089400
24.650  -0.1033800
24.660  -0.0942620
24.670  -0.0807750
24.680  -0.0715830
24.690  -0.0697460
24.700  -0.0662370
24.710  -0.0569500
24.720  -0.0501530
24.730  -0.0481790
24.740  -0.0425640
24.750  -0.0292510
24.760  -0.0166070
24.770  -0.0073055
24.780   0.0065304
24.790   0.0272190
24.800   0.0445900
24.810   0.0520930
24.820   0.0562160
24.830   0.0629910
24.840   0.0690460
24.850   0.0678750
24.860   0.0598620
24.870   0.0499580
24.880   0.0437750
24.890   0.0416540
24.900   0.0386350
24.910   0.0286790
24.920   0.0139820
24.930   0.0028849
24.940  -0.0008361
24.950   0.0002157
24.960   0.0031916
24.970   0.0089347
24.980   0.0157250
24.990   0.0196050
25.000   0.0178070
25.010   0.0132230
25.020   0.0097335
25.030   0.0089553
25.040   0.0095497
25.050   0.0115480
25.060   0.0168560
25.070   0.0290090
25.080   0.0471980
25.090   0.0654600
25.100   0.0777450
25.110   0.0879510
25.120   0.1027900
25.130   0.1206200
25.140   0.1284200
25.150   0.1209800
25.160   0.1059100
25.170   0.0947550
25.180   0.0860410
25.190   0.0749900
25.200   0.0628730
25.210   0.0582960
25.220   0.0607350
25.230   0.0598730
25.240   0.0486850
25.250   0.0320430
25.260   0.0153230
25.270  -0.0045109
25.280  -0.0352520
25.290  -0.0745520
25.300  -0.1136900
25.310  -0.1514200
25.320  -0.1989300
25.330  -0.2552700
25.340  -0.3063400
25.350  -0.3447700
25.360  -0.3782100
25.370  -0.4095500
25.380  -0.4246900
25.390  -0.4165900
25.400  -0.3970500
25.410  -0.3784800
25.420  -0.3515800
25.430  -0.3094400
25.440  -0.2635200
25.450  -0.2263600
25.460  -0.1948100
25.470  -0.1660200
25.480  -0.1500200
25.490  -0.1494500
25.500  -0.1510100
25.510  -0.1458000
25.520  -0.1444900
25.530  -0.1551400
25.540  -0.1705900
25.550  -0.1850800
25.560  -0.2063600
25.570  -0.2368300
25.580  -0.2622300
25.590  -0.2722300
25.600  -0.2724000
25.610  -0.2713800
25.620  -0.2655100
25.630  -0.2503700
25.640  -0.2287700
25.650  -0.2074000
25.660  -0.1865500
25.670  -0.1628400
25.680  -0.1348800
25.690  -0.1057600
25.700  -0.0799830
25.710  -0.0617950
25.720  -0.0524160
25.730  -0.0514610
25.740  -0.0582140
25.750  -0.0704820
25.760  -0.0810290
25.770  -0.0857450
25.780  -0.0893670
25.790  -0.0973390
25.800  -0.1069500
25.810  -0.1123000
25.820  -0.1144300
25.830  -0.1181000
25.840  -0.1252400
25.850  -0.1321700
25.860  -0.1377000
25.870  -0.1429100
25.880  -0.1471100
25.890  -0.1473700
25.900  -0.1431200
25.910  -0.1354800
25.920  -0.1257800
25.930  -0.1138300
25.940  -0.0957460
25.950  -0.0697180
25.960  -0.0415320
25.970  -0.0192820
25.980  -0.0016225
25.990   0.0197030
26.000   0.0471020
26.010   0.0707900
26.020   0.0843540
26.030   0.0949200
26.040   0.1125700
26.050   0.1348200
26.060   0.1522700
26.070   0.1658900
26.080   0.1855300
26.090   0.2142400
26.100   0.2391700
26.110   0.2525800
26.120   0.2622800
26.130   0.2797600
26.140   0.3009100
26.150   0.3149500
26.160   0.3215800
26.170   0.3252600
26.180   0.3221600
26.190   0.3061100
26.200   0.2854400
26.210   0.2718100
26.220   0.2629800
26.230   0.2496500
26.240   0.2300200
26.250   0.2092700
26.260   0.1891000
26.270   0.1727900
26.280   0.1648400
26.290   0.1625900
26.300   0.1553900
26.310   0.1420400
26.320   0.1347600
26.330   0.1376500
26.340   0.1403700
26.350   0.1369300
26.360   0.1348200
26.370   0.1376900
26.380   0.1387000
26.390   0.1356300
26.400   0.1353700
26.410   0.1391800
26.420   0.1383000
26.430   0.1306300
26.440   0.1238300
26.450   0.1210400
26.460   0.1156900
26.470   0.1098200
26.480   0.1113600
26.490   0.1165800
26.500   0.1116600
26.510   0.1006600
26.520   0.0994950
26.530   0.1086200
26.540   0.1108800
26.550   0.1049600
26.560   0.1069400
26.570   0.1221400
26.580   0.1359000
26.590   0.1441300
26.600   0.1557500
26.610   0.1711800
26.620   0.1807400
26.630   0.1864300
26.640   0.1950900
26.650   0.2011500
26.660   0.1938200
26.670   0.1804900
26.680   0.1740900
26.690   0.1715700
26.700   0.1597700
26.710   0.1427800
26.720   0.1296700
26.730   0.1190200
26.740   0.1031700
26.750   0.0852060
26.760   0.0692440
26.770   0.0536680
26.780   0.0369440
26.790   0.0267330
26.800   0.0266190
26.810   0.0284460
26.820   0.0257530
26.830   0.0274090
26.840   0.0393930
26.850   0.0498120
26.860   0.0443900
26.870   0.0317910
26.880   0.0269420
26.890   0.0254860
26.900   0.0108580
26.910  -0.0141580
26.920  -0.0335440
26.930  -0.0470060
26.940  -0.0675210
26.950  -0.0949350
26.960  -0.1162900
26.970  -0.1314100
26.980  -0.1474400
26.990  -0.1615600
27.000  -0.1689300
27.010  -0.1757300
27.020  -0.1873700
27.030  -0.1969400
27.040  -0.2007800
27.050  -0.2030600
27.060  -0.2048000
27.070  -0.2005900
27.080  -0.1936300
27.090  -0.1907200
27.100  -0.1849500
27.110  -0.1675700
27.120  -0.1470600
27.130  -0.1370800
27.140  -0.1319300
27.150  -0.1208000
27.160  -0.1049400
27.170  -0.0980750
27.180  -0.1081300
