<m>
O, 0, .0, 0
H, 0.3, .3, 0
H, -0.3, .3, 0
0,1
0,2
-.25, .3, .1
20
</m>

<c>
.7,1
+, -.25, .34, .1
--,-.25, .25, .1
-.25, .35, .1
</c>
<m>
O, 0, .0, 0
H, 0.3, .3, 0
H, -0.3, .3, 0
0,1
0,2
.35, .3, .1
20
</m>
<c>
.7,1
+, .35, .35, .1
--,.35, .25, .1
.35, .34, .1
</c>

<m>
O, 0, .0, 0
H, 0.3, .3, 0
H, -0.3, .3, 0
0,1
0,2
.1, .2, .1
-20
</m>
<c>
.7,1
+,.1, .3, .1
--,.1, .15, .1
.1, .25, .1
</c>

<m>
O, 0.3, .3, 0
.2, .2, .1
</m>

<m>
H, -0.3, .3, 0
-.05, .2, .1
</m>



