 0.000   0.0000000
 0.020   0.0168100
 0.040  -0.0082200
 0.060  -0.0251900
 0.080  -0.0115600
 0.100   0.0158200
 0.120  -0.0121000
 0.140  -0.0311000
 0.160   0.0550800
 0.180   0.0708400
 0.200  -0.0154700
 0.220  -0.0381600
 0.240   0.0592000
 0.260   0.1021200
 0.280   0.0113400
 0.300  -0.1313200
 0.320  -0.1541400
 0.340   0.0418400
 0.360   0.1016200
 0.380   0.0653400
 0.400  -0.0273900
 0.420  -0.0422400
 0.440   0.0146600
 0.460   0.1003300
 0.480   0.0863200
 0.500   0.0006900
 0.520  -0.0552900
 0.540  -0.1882800
 0.560  -0.3014500
 0.580  -0.0751800
 0.600   0.2777700
 0.620   0.3037300
 0.640   0.1475200
 0.660  -0.0664300
 0.680  -0.1770600
 0.700  -0.2266000
 0.720  -0.0049100
 0.740   0.1716000
 0.760   0.0556700
 0.780  -0.0093500
 0.800  -0.0461400
 0.820  -0.1140700
 0.840  -0.0659700
 0.860   0.1710600
 0.880   0.0891300
 0.900  -0.1582500
 0.920  -0.2160500
 0.940  -0.2482100
 0.960  -0.0553400
 0.980   0.1524900
 1.000   0.2657000
 1.020   0.2519500
 1.040   0.0958400
 1.060  -0.1046500
 1.080  -0.1665000
 1.100  -0.1406900
 1.120  -0.1254700
 1.140  -0.0698800
 1.160   0.1353200
 1.180   0.2186600
 1.200   0.0863700
 1.220   0.0121500
 1.240   0.1813800
 1.260   0.1288500
 1.280  -0.2344800
 1.300  -0.2680800
 1.320  -0.0083000
 1.340   0.1822100
 1.360   0.2724700
 1.380   0.1577300
 1.400   0.0402700
 1.420   0.0005600
 1.440  -0.0625100
 1.460  -0.0539600
 1.480   0.1423000
 1.500   0.3645700
 1.520   0.1326700
 1.540  -0.3410000
 1.560  -0.3807500
 1.580   0.0622700
 1.600   0.2468800
 1.620   0.3440600
 1.640   0.0411100
 1.660  -0.1612700
 1.680  -0.2221700
 1.700  -0.2356700
 1.720   0.0299000
 1.740   0.3157100
 1.760   0.2994500
 1.780   0.0158900
 1.800   0.0504300
 1.820   0.1127400
 1.840  -0.0575600
 1.860  -0.1009600
 1.880   0.1586700
 1.900   0.2906800
 1.920   0.1697200
 1.940  -0.3908100
 1.960  -0.2890600
 1.980   0.0029700
 2.000   0.0814400
 2.020   0.3093700
 2.040   0.6560200
 2.060   0.5797100
 2.080  -0.2865000
 2.100  -0.6874600
 2.120  -0.8149800
 2.140  -0.4427900
 2.160   0.1584600
 2.180   0.4682700
 2.200   0.6162500
 2.220   0.2187100
 2.240  -0.1552600
 2.260  -0.2936100
 2.280  -0.2927800
 2.300   0.0320000
 2.320   0.1321300
 2.340   0.0261200
 2.360   0.1477700
 2.380   0.2144400
 2.400   0.1042600
 2.420  -0.0157900
 2.440   0.0440900
 2.460   0.1563700
 2.480   0.0181000
 2.500  -0.3656100
 2.520  -0.5485600
 2.540  -0.5003800
 2.560  -0.2600000
 2.580   0.0790000
 2.600   0.3609200
 2.620   0.5480400
 2.640   0.2927500
 2.660   0.1373300
 2.680   0.0716300
 2.700   0.1480700
 2.720   0.2160000
 2.740   0.1891600
 2.760   0.2568700
 2.780   0.3331900
 2.800   0.1449400
 2.820  -0.0388900
 2.840  -0.2162900
 2.860  -0.6633200
 2.880  -0.7818700
 2.900  -0.5819700
 2.920  -0.5169900
 2.940  -0.2739500
 2.960   0.2455300
 2.980   0.2654500
 3.000   0.2385100
 3.020   0.3895100
 3.040   0.5938700
 3.060   0.5878500
 3.080   0.5981200
 3.100   0.3978500
 3.120  -0.1664200
 3.140  -0.4113100
 3.160  -0.4088900
 3.180  -0.4551900
 3.200  -0.1390200
 3.220   0.2339800
 3.240   0.2619400
 3.260   0.0745600
 3.280  -0.3271700
 3.300  -0.3867700
 3.320  -0.2339100
 3.340   0.0115700
 3.360   0.1149400
 3.380  -0.0428500
 3.400  -0.2521200
 3.420  -0.0718400
 3.440   0.4302500
 3.460   0.6115300
 3.480   0.1765300
 3.500  -0.1643400
 3.520  -0.0405200
 3.540  -0.1469400
 3.560  -0.4671400
 3.580  -0.6481200
 3.600  -0.6303800
 3.620  -0.6512800
 3.640  -0.7150700
 3.660  -0.7073900
 3.680  -0.7042100
 3.700  -0.7611100
 3.720  -0.8529100
 3.740  -0.9603300
 3.760  -1.0544700
 3.780  -0.9946700
 3.800  -0.6283800
 3.820   0.1946400
 3.840   1.1583200
 3.860   1.8958300
 3.880   2.4011900
 3.900   2.6654600
 3.920   2.7353000
 3.940   2.6769400
 3.960   2.4443500
 3.980   1.7415600
 4.000   0.1313000
 4.020  -1.6861700
 4.040  -3.6097700
 4.060  -4.7804400
 4.080  -5.0489300
 4.100  -4.3154600
 4.120  -3.1389300
 4.140  -2.0816100
 4.160  -0.2658000
 4.180   1.2979400
 4.200   2.3238300
 4.220   2.9835300
 4.240   2.4539800
 4.260   0.9853400
 4.280  -0.5225300
 4.300  -2.3862700
 4.320  -2.7504700
 4.340  -2.8293300
 4.360  -2.2165500
 4.380  -0.9998000
 4.400   0.6417800
 4.420   2.3153300
 4.440   3.2810300
 4.460   3.6972400
 4.480   4.2314200
 4.500   4.9102400
 4.520   5.0896100
 4.540   4.4229900
 4.560   2.1457700
 4.580  -0.3492200
 4.600  -3.2083800
 4.620  -5.1631600
 4.640  -5.2367500
 4.660  -4.0844100
 4.680  -2.5067700
 4.700  -0.1509200
 4.720   1.2245800
 4.740   2.2325600
 4.760   2.8875000
 4.780   2.9370300
 4.800   2.7033900
 4.820   2.0502500
 4.840   1.1952800
 4.860   0.1519200
 4.880  -0.4696000
 4.900  -0.6830600
 4.920  -0.6466200
 4.940  -0.7847300
 4.960  -1.1237700
 4.980  -1.4712800
 5.000  -1.7307200
 5.020  -1.7577500
 5.040  -1.5272700
 5.060  -1.2545700
 5.080  -0.9006300
 5.100  -0.5477600
 5.120  -0.3631400
 5.140  -0.3732200
 5.160  -0.5701300
 5.180  -0.8729900
 5.200  -1.2189100
 5.220  -1.6513000
 5.240  -1.9607000
 5.260  -2.3738900
 5.280  -2.8702600
 5.300  -3.6734000
 5.320  -4.1707500
 5.340  -5.1634100
 5.360  -5.7162000
 5.380  -3.0296100
 5.400   0.9431300
 5.420   4.0882300
 5.440   5.2090900
 5.460   5.5443000
 5.480   5.5428000
 5.500   5.2248100
 5.520   4.5394500
 5.540   3.3921000
 5.560   2.5593300
 5.580   2.2873800
 5.600   1.7631400
 5.620   1.5382500
 5.640   1.9340400
 5.660   2.1844300
 5.680   2.4117000
 5.700   1.9293100
 5.720   0.7431200
 5.740   0.0460400
 5.760  -1.1074900
 5.780  -3.1583100
 5.800  -4.9652900
 5.820  -5.0288500
 5.840  -3.3731700
 5.860  -1.0642400
 5.880   0.9068000
 5.900   2.5061500
 5.920   2.9590700
 5.940   1.3558400
 5.960   0.8602500
 5.980   0.7912000
 6.000   0.6715000
 6.020   0.2399900
 6.040  -0.0978700
 6.060  -0.0950700
 6.080  -0.0635000
 6.100   0.0947400
 6.120   0.7902400
 6.140   1.3088500
 6.160   1.2383700
 6.180   1.3230400
 6.200   1.1292000
 6.220   0.8627500
 6.240   0.5061400
 6.260  -0.0080800
 6.280  -0.6473400
 6.300  -1.2456300
 6.320  -1.9676100
 6.340  -2.8095800
 6.360  -3.0343600
 6.380  -2.8267200
 6.400  -2.8480500
 6.420  -2.4699800
 6.440  -0.9269400
 6.460   0.4924300
 6.480   1.0387500
 6.500   1.0344500
 6.520   0.5352400
 6.540   0.0877700
 6.560  -0.5593300
 6.580  -1.3304500
 6.600  -1.5061800
 6.620  -1.5742600
 6.640  -1.3133300
 6.660  -0.9802700
 6.680  -0.7968600
 6.700   0.0971700
 6.720   0.7696200
 6.740   1.2858500
 6.760   1.8281300
 6.780   2.2840200
 6.800   3.0563600
 6.820   3.5972400
 6.840   4.3322800
 6.860   4.3322400
 6.880   2.8762200
 6.900   1.1100700
 6.920  -0.4011100
 6.940  -1.6998300
 6.960  -2.4028200
 6.980  -1.6915600
 7.000  -0.6010400
 7.020   0.4011800
 7.040   0.6936700
 7.060   0.7442100
 7.080   0.6487200
 7.100   1.1243200
 7.120   1.9624400
 7.140   2.3750300
 7.160   2.3626200
 7.180   2.0757000
 7.200   1.8135900
 7.220   1.4564000
 7.240   1.2977000
 7.260   1.2555600
 7.280   1.1953500
 7.300   0.6917900
 7.320   0.2083800
 7.340  -0.3156500
 7.360  -0.9440700
 7.380  -1.7414600
 7.400  -2.1497800
 7.420  -2.0179200
 7.440  -1.6979000
 7.460  -1.4206200
 7.480  -1.2502400
 7.500  -1.1153900
 7.520  -1.2276300
 7.540  -1.5519200
 7.560  -1.7957200
 7.580  -1.7687800
 7.600  -1.6510600
 7.620  -1.4710500
 7.640  -1.3084300
 7.660  -0.9283700
 7.680  -0.2651800
 7.700   0.0710500
 7.720   0.0741800
 7.740  -0.1821100
 7.760  -0.7166900
 7.780  -1.5622100
 7.800  -1.9693300
 7.820  -2.0484500
 7.840  -2.1838100
 7.860  -2.2322900
 7.880  -1.6905000
 7.900  -0.3633800
 7.920   0.4805300
 7.940   1.1168900
 7.960   1.4382900
 7.980   1.6171800
 8.000   1.5480100
 8.020   1.5147900
 8.040   0.8579700
 8.060  -0.6462100
 8.080  -1.9217100
 8.100  -2.7616400
 8.120  -3.0508500
 8.140  -3.2708500
 8.160  -3.2096300
 8.180  -2.7878600
 8.200  -1.5079800
 8.220  -0.2606000
 8.240   0.1937900
 8.260   0.2401700
 8.280   0.0431700
 8.300  -0.1794700
 8.320  -0.3731600
 8.340  -0.4763600
 8.360  -0.4011400
 8.380   0.1836000
 8.400   0.8590200
 8.420   1.2319400
 8.440   1.4731600
 8.460   1.5780100
 8.480   1.5535100
 8.500   1.4804800
 8.520   1.4920500
 8.540   1.4968600
 8.560   1.5897100
 8.580   1.5810900
 8.600   1.2494900
 8.620   1.0796000
 8.640   0.8184400
 8.660   0.5684900
 8.680   0.4138100
 8.700   0.3249900
 8.720   0.3387700
 8.740   0.2546400
 8.760   0.0037500
 8.780  -0.7202500
 8.800  -1.5829400
 8.820  -1.7890000
 8.840  -1.0960100
 8.860  -0.5861100
 8.880   0.1050800
 8.900   0.7860800
 8.920   1.0491000
 8.940   1.3350500
 8.960   1.4519100
 8.980   1.5033400
 9.000   1.3492000
 9.020   1.1526500
 9.040   1.0123300
 9.060   0.8409400
 9.080   0.4581800
 9.100   0.3037400
 9.120   0.8741700
 9.140   0.7456500
 9.160   0.2180200
 9.180  -0.2518700
 9.200  -0.7378300
 9.220  -0.8145800
 9.240  -0.9998200
 9.260  -0.7618000
 9.280  -1.1345700
 9.300  -1.7167800
 9.320  -1.4984700
 9.340  -0.6428100
 9.360  -0.1293800
 9.380   0.1151600
 9.400   0.3821100
 9.420   0.6922200
 9.440   1.2979600
 9.460   1.6592200
 9.480   1.9824300
 9.500   2.0546700
 9.520   1.9102200
 9.540   1.4746000
 9.560   1.0038300
 9.580   0.3615600
 9.600  -0.1751100
 9.620  -0.3921100
 9.640  -0.1227200
 9.660   0.3131900
 9.680   0.3207300
 9.700   0.0246500
 9.720  -0.3650900
 9.740  -0.6598100
 9.760  -0.8054000
 9.780  -0.6413700
 9.800  -0.4856500
 9.820  -0.5846600
 9.840  -0.8260600
 9.860  -1.0346400
 9.880  -1.0876300
 9.900  -0.9425700
 9.920  -0.8551100
 9.940  -0.8863900
 9.960  -0.9868000
 9.980  -1.0633200
10.000  -1.1120100
10.020  -1.1637500
10.040  -1.0300900
10.060  -0.8163600
10.080  -0.6229300
10.100  -0.3326200
10.120   0.0072000
10.140   0.2941300
10.160   0.4923800
10.180   0.5945100
10.200   0.6665600
10.220   0.7588600
10.240   0.8491900
10.260   0.9184500
10.280   0.9530000
10.300   0.9103100
10.320   0.5797800
10.340  -0.0151200
10.360  -0.4192000
10.380  -0.5956300
10.400  -0.6259000
10.420  -0.6109000
10.440  -0.6372600
10.460  -0.6324900
10.480  -0.5939500
10.500  -0.5456800
10.520  -0.5064700
10.540  -0.4862700
10.560  -0.4571200
10.580  -0.3314700
10.600  -0.1395600
10.620   0.0306200
10.640   0.0681000
10.660  -0.0235700
10.680  -0.1609900
10.700  -0.2055400
10.720  -0.1154200
10.740   0.0523500
10.760   0.1958500
10.780   0.2602000
10.800   0.3364700
10.820   0.4289500
10.840   0.5435900
10.860   0.6559900
10.880   0.6969600
10.900   0.6858300
10.920   0.7289100
10.940   0.7945000
10.960   0.8153200
10.980   0.7092200
11.000   0.4015800
11.020   0.1173800
11.040   0.0604800
11.060   0.1470300
11.080   0.2319900
11.100   0.2577200
11.120   0.1658300
11.140   0.0080900
11.160  -0.1196200
11.180   0.0295500
11.200   0.2802400
11.220   0.3960000
11.240   0.3979300
11.260   0.2750300
11.280   0.1732700
11.300   0.1298500
11.320   0.1639500
11.340   0.1675500
11.360   0.1038600
11.380   0.0436800
11.400  -0.0747200
11.420  -0.2034000
11.440  -0.2859100
11.460  -0.3265400
11.480  -0.2788500
11.500  -0.2649200
11.520  -0.3053500
11.540  -0.3993200
11.560  -0.5408700
11.580  -0.7012000
11.600  -0.8523900
11.620  -0.9209800
11.640  -0.9291100
11.660  -0.8451700
11.680  -0.6398500
11.700  -0.4104900
11.720  -0.2381400
11.740  -0.1243600
11.760  -0.0196500
11.780   0.1035100
11.800   0.2447200
11.820   0.3799100
11.840   0.4557100
11.860   0.4747600
11.880   0.3698200
11.900   0.2011500
11.920   0.0772700
11.940   0.0060400
11.960  -0.0524000
11.980  -0.1380200
12.000  -0.1577500
12.020  -0.0765100
12.040   0.0654500
12.060   0.1974000
12.080   0.2106200
12.100   0.1096400
12.120  -0.0037600
12.140  -0.0701100
12.160  -0.0663000
12.180  -0.0197800
12.200   0.0500900
12.220   0.1537600
12.240   0.2521100
12.260   0.3227200
12.280   0.3509000
12.300   0.3009100
12.320   0.2243400
12.340   0.1836800
12.360   0.1681100
12.380   0.1692400
12.400   0.1472000
12.420   0.0729100
12.440  -0.0249900
12.460  -0.0920300
12.480  -0.1267400
12.500  -0.1523300
12.520  -0.1426000
12.540  -0.0965300
12.560  -0.0030100
12.580   0.0881600
12.600   0.1348800
12.620   0.1230100
12.640   0.0709900
12.660   0.0658100
12.680   0.0801100
12.700   0.0176600
12.720  -0.0678900
12.740  -0.1657900
12.760  -0.2176900
12.780  -0.1577700
12.800  -0.0928500
12.820  -0.0827800
12.840  -0.1237400
12.860  -0.2075300
12.880  -0.2373500
12.900  -0.1089600
12.920   0.1615900
12.940   0.4606900
12.960   0.6665800
12.980   0.7458200
13.000   0.6828300
13.020   0.5272000
13.040   0.3153800
13.060   0.0666000
13.080  -0.1308000
13.100  -0.2096000
13.120  -0.2401600
13.140  -0.2496900
13.160  -0.2774900
13.180  -0.3328500
13.200  -0.3456600
13.220  -0.2944400
13.240  -0.2044700
13.260  -0.0989900
13.280  -0.0133600
13.300   0.0295900
13.320   0.0549200
13.340   0.1071100
13.360   0.2482700
13.380   0.4033900
13.400   0.5063200
13.420   0.4928300
13.440   0.3690400
13.460   0.1978200
13.480   0.0643000
13.500   0.0175800
13.520  -0.0108600
13.540  -0.0724900
13.560  -0.1616400
13.580  -0.1798100
13.600  -0.0314900
13.620   0.2211500
13.640   0.4172100
13.660   0.5430900
13.680   0.5639800
13.700   0.4657500
13.720   0.2891300
13.740   0.1140200
13.760  -0.0094100
13.780  -0.0595400
13.800   0.0110800
13.820   0.1566200
13.840   0.2836100
13.860   0.3724400
13.880   0.4016400
13.900   0.3772800
13.920   0.3313100
13.940   0.2424000
13.960   0.1004000
13.980  -0.0970400
14.000  -0.3217000
14.020  -0.5275000
14.040  -0.6780500
14.060  -0.7496200
14.080  -0.7237400
14.100  -0.6448100
14.120  -0.5397200
14.140  -0.4493100
14.160  -0.3762000
14.180  -0.2866300
14.200  -0.1530600
14.220   0.0220100
14.240   0.1716600
14.260   0.2500300
14.280   0.2542900
14.300   0.2175000
14.320   0.1684200
14.340   0.0825300
14.360  -0.0968700
14.380  -0.3411600
14.400  -0.5471200
14.420  -0.6829600
14.440  -0.6424800
14.460  -0.5545900
14.480  -0.4745100
14.500  -0.3304700
14.520  -0.1685700
14.540  -0.0313000
14.560   0.0151800
14.580  -0.0373800
14.600  -0.1845900
14.620  -0.3541700
14.640  -0.3867000
14.660  -0.2328300
14.680  -0.0816700
14.700   0.0016000
14.720  -0.0353800
14.740  -0.1480000
14.760  -0.2148400
14.780  -0.1972800
14.800  -0.1322400
14.820  -0.0896300
14.840  -0.1064400
14.860  -0.1864200
14.880  -0.2407300
14.900  -0.1788100
14.920  -0.0305500
14.940   0.1088200
14.960   0.1617200
14.980   0.1433400
15.000   0.0983800
15.020   0.0753500
15.040   0.0737600
15.060   0.0241100
15.080  -0.0356500
15.100  -0.1197400
15.120  -0.1979000
15.140  -0.2101800
15.160  -0.1690900
15.180  -0.1581900
15.200  -0.1577800
15.220  -0.0921600
15.240   0.0129500
15.260   0.1315800
15.280   0.2508700
15.300   0.4007100
15.320   0.5567600
15.340   0.7046900
15.360   0.7353600
15.380   0.6548800
15.400   0.3567400
15.420  -0.0361200
15.440  -0.2420400
15.460  -0.3619700
15.480  -0.3677100
15.500  -0.2980900
15.520  -0.1821400
15.540  -0.0678300
15.560   0.0326500
15.580   0.1325300
15.600   0.2221700
15.620   0.2747600
15.640   0.2856800
15.660   0.2512700
15.680   0.1644100
15.700   0.0624300
15.720   0.0202100
15.740   0.0333500
15.760   0.0249600
15.780   0.0217900
15.800   0.0582900
15.820   0.1583300
15.840   0.3163800
15.860   0.4799400
15.880   0.5780800
15.900   0.6294800
15.920   0.6188500
15.940   0.5866300
15.960   0.4956200
15.980   0.3046300
16.000  -0.0766900
16.020  -0.4550000
16.040  -0.6191100
16.060  -0.6483200
16.080  -0.5318500
16.100  -0.3597100
16.120  -0.1638000
16.140  -0.0222800
16.160   0.0396600
16.180   0.0517200
16.200   0.0007300
16.220  -0.1248700
16.240  -0.2786000
16.260  -0.3728900
16.280  -0.3760700
16.300  -0.3137900
16.320  -0.2655200
16.340  -0.2558400
16.360  -0.3024300
16.380  -0.3609900
16.400  -0.3962700
16.420  -0.4039600
16.440  -0.3456900
16.460  -0.2992000
16.480  -0.2964700
16.500  -0.2963900
16.520  -0.2455500
16.540  -0.1090200
16.560   0.0301200
16.580   0.1395100
16.600   0.2311800
16.620   0.3218800
16.640   0.4106100
16.660   0.4952900
16.680   0.5707900
16.700   0.6033200
16.720   0.5513000
16.740   0.4701100
16.760   0.4137100
16.780   0.3600900
16.800   0.2952500
16.820   0.2116500
16.840   0.1418800
16.860   0.0954500
16.880   0.1077700
16.900   0.1833700
16.920   0.2590400
16.940   0.3259700
16.960   0.3872500
16.980   0.4495100
17.000   0.4467500
17.020   0.3391600
17.040   0.1632700
17.060  -0.0521000
17.080  -0.2369600
17.100  -0.3354900
17.120  -0.2983700
17.140  -0.2068200
17.160  -0.0992200
17.180  -0.0140600
17.200   0.0247800
17.220   0.0185500
17.240   0.0098000
17.260   0.0298800
17.280   0.0746900
17.300   0.1304100
17.320   0.1515800
17.340   0.1579900
17.360   0.1090200
17.380   0.0629100
17.400   0.0427900
17.420  -0.0071200
17.440  -0.0981000
17.460  -0.1884000
17.480  -0.2412300
17.500  -0.2400300
17.520  -0.1664400
17.540  -0.0953900
17.560  -0.1093200
17.580  -0.2041800
17.600  -0.3027300
17.620  -0.3745500
17.640  -0.4089000
17.660  -0.4319800
17.680  -0.4758500
17.700  -0.4994000
17.720  -0.4440000
17.740  -0.3242000
17.760  -0.1544400
17.780   0.0189900
17.800   0.0607500
17.820   0.0399700
17.840   0.0338900
17.860   0.0419000
17.880   0.0631800
17.900   0.1029400
17.920   0.1423000
17.940   0.1465400
17.960   0.1477800
17.980   0.1273800
18.000   0.0732500
18.020  -0.0199600
18.040  -0.0980000
18.060  -0.1110600
18.080  -0.0696500
18.100   0.0144900
18.120   0.0869500
18.140   0.0946600
18.160   0.0844800
18.180   0.0858600
18.200   0.0994900
18.220   0.1267600
18.240   0.1241300
18.260   0.0925100
18.280   0.0765500
18.300   0.1291800
18.320   0.2109100
18.340   0.2675700
18.360   0.2494500
18.380   0.1483800
18.400   0.0118500
18.420  -0.1438200
18.440  -0.2828900
18.460  -0.4036100
18.480  -0.4733400
18.500  -0.4820400
18.520  -0.4251900
18.540  -0.3097400
18.560  -0.1545200
18.580  -0.0015800
18.600   0.0782900
18.620   0.1100000
18.640   0.1134200
18.660   0.1161100
18.680   0.0982100
18.700   0.0421800
18.720   0.0030700
18.740   0.0061000
18.760   0.0336000
18.780   0.0772800
18.800   0.1180600
18.820   0.1481100
18.840   0.1674800
18.860   0.1915900
18.880   0.2145200
18.900   0.2558900
18.920   0.2899100
18.940   0.2617200
18.960   0.2083900
18.980   0.1470000
19.000   0.1012800
19.020   0.0831200
19.040   0.0805800
19.060   0.0653800
19.080   0.0486200
19.100   0.0298700
19.120  -0.0255700
19.140  -0.1385600
19.160  -0.2824700
19.180  -0.3948000
19.200  -0.4364600
19.220  -0.3656600
19.240  -0.2384000
19.260  -0.1039000
19.280  -0.0118500
19.300   0.0291700
19.320   0.0323200
19.340   0.0266600
19.360   0.0205800
19.380  -0.0043800
19.400  -0.0563900
19.420  -0.1541400
19.440  -0.2610500
19.460  -0.3256400
19.480  -0.3101700
19.500  -0.2492900
19.520  -0.1917100
19.540  -0.1408900
19.560  -0.0631700
19.580   0.0298500
19.600   0.0820600
19.620   0.0812200
19.640   0.0616600
19.660   0.0355800
19.680   0.0259900
19.700   0.0293400
19.720   0.0086000
19.740  -0.0135500
19.760  -0.0340400
19.780  -0.0480200
19.800  -0.0587000
19.820  -0.1096200
19.840  -0.1709300
19.860  -0.1732900
19.880  -0.0946800
19.900   0.0289800
19.920   0.1162800
19.940   0.1505500
19.960   0.1622100
19.980   0.1829800
20.000   0.2018600
20.020   0.2106800
20.040   0.1862100
20.060   0.1268700
20.080   0.1011100
20.100   0.1355200
20.120   0.1912200
20.140   0.2061400
20.160   0.2038700
20.180   0.1771500
20.200   0.1355200
20.220   0.0914000
20.240   0.0382900
20.260  -0.0335300
20.280  -0.1140500
20.300  -0.1845600
20.320  -0.2245500
20.340  -0.2073000
20.360  -0.1212900
20.380   0.0307800
20.400   0.2207300
20.420   0.3885000
20.440   0.4690500
20.460   0.4707300
20.480   0.4092700
20.500   0.3033900
20.520   0.2038100
20.540   0.1062300
20.560   0.0784100
20.580   0.1057900
20.600   0.1172500
20.620   0.1048500
20.640   0.1075900
20.660   0.1092800
20.680   0.0632200
20.700   0.0199000
20.720  -0.0359600
20.740  -0.0936100
20.760  -0.1383500
20.780  -0.1600100
20.800  -0.1606400
20.820  -0.1597400
20.840  -0.1563300
20.860  -0.1313200
20.880  -0.0966700
20.900  -0.0714800
20.920  -0.0639600
20.940  -0.0723700
20.960  -0.1035200
20.980  -0.1462400
21.000  -0.1832100
21.020  -0.1860600
21.040  -0.1668400
21.060  -0.1084600
21.080  -0.0279600
21.100   0.0184300
21.120   0.0309300
21.140  -0.0352100
21.160  -0.1512900
21.180  -0.2866000
21.200  -0.3842900
21.220  -0.4406200
21.240  -0.4577500
21.260  -0.4579000
21.280  -0.4263200
21.300  -0.3480300
21.320  -0.2683200
21.340  -0.1646500
21.360  -0.0548200
21.380   0.0277600
21.400   0.0679500
21.420   0.0752100
21.440   0.0470700
21.460  -0.0258400
21.480  -0.0674400
21.500  -0.0455100
21.520   0.0257800
21.540   0.1011800
21.560   0.1415600
21.580   0.1749800
21.600   0.1870200
21.620   0.1687500
21.640   0.1603500
21.660   0.1588700
21.680   0.1413200
21.700   0.1187900
21.720   0.0901300
21.740   0.1030900
21.760   0.1664300
21.780   0.2141800
21.800   0.2261300
21.820   0.1815200
21.840   0.1205900
21.860   0.0611700
21.880  -0.0051400
21.900  -0.0610800
21.920  -0.1189600
21.940  -0.1311800
21.960  -0.0645800
21.980   0.0472200
22.000   0.1824400
22.020   0.2973300
22.040   0.3558400
22.060   0.3727000
22.080   0.3694100
22.100   0.3747900
22.120   0.3762300
22.140   0.3782300
22.160   0.3746000
22.180   0.3361600
22.200   0.3020600
22.220   0.2540300
22.240   0.1852000
22.260   0.1175300
22.280   0.0356800
22.300  -0.0296900
22.320  -0.0812200
22.340  -0.0925400
22.360  -0.0736200
22.380  -0.0629900
22.400  -0.0493200
22.420  -0.0521600
22.440  -0.0819900
22.460  -0.1247200
22.480  -0.1693700
22.500  -0.1761600
22.520  -0.1316800
22.540  -0.0574500
22.560  -0.0005500
22.580   0.0005000
22.600  -0.0159900
22.620  -0.0182500
22.640  -0.0292200
22.660  -0.0335100
22.680  -0.0544900
22.700  -0.0570700
22.720  -0.0094000
22.740   0.0262200
22.760   0.0402800
22.780   0.0143400
22.800  -0.0284000
22.820  -0.0660200
22.840  -0.0882400
22.860  -0.1073000
22.880  -0.0786400
22.900  -0.0420600
22.920  -0.0027600
22.940   0.0172200
22.960   0.0017500
22.980   0.0005800
23.000  -0.0151800
23.020  -0.0024200
23.040   0.0258000
23.060   0.0373400
23.080   0.0376300
23.100   0.0652500
23.120   0.0831900
23.140   0.0654400
23.160   0.0140400
23.180  -0.0571400
23.200  -0.1383400
23.220  -0.2058500
23.240  -0.2376800
23.260  -0.2264100
23.280  -0.1680700
23.300  -0.1051700
23.320  -0.0571900
23.340  -0.0356900
23.360  -0.0170500
23.380  -0.0121200
23.400  -0.0209000
23.420  -0.0524000
23.440  -0.0674500
23.460  -0.0427000
23.480  -0.0082100
23.500   0.0032000
23.520  -0.0385300
23.540  -0.0866000
23.560  -0.1343800
23.580  -0.1506000
23.600  -0.1668700
23.620  -0.2172900
23.640  -0.2594400
23.660  -0.2914500
23.680  -0.3199900
23.700  -0.3226100
23.720  -0.3170700
23.740  -0.3074700
23.760  -0.2851500
23.780  -0.2456400
23.800  -0.1956600
23.820  -0.1694400
23.840  -0.1611500
23.860  -0.1462100
23.880  -0.1291500
23.900  -0.0967400
23.920  -0.0946500
23.940  -0.0961300
23.960  -0.0587700
23.980  -0.0109400
24.000   0.0340200
24.020   0.0260500
24.040   0.0020200
24.060  -0.0396200
24.080  -0.0623600
24.100  -0.0819400
24.120  -0.0681600
24.140  -0.0142900
24.160   0.0250800
24.180   0.0557400
24.200   0.0442700
24.220   0.0315500
24.240   0.0260200
24.260   0.0315600
24.280   0.0514600
24.300   0.0948400
24.320   0.1555400
24.340   0.2105300
24.360   0.2538900
24.380   0.2842000
24.400   0.3038900
24.420   0.3063300
24.440   0.3066500
24.460   0.2890000
24.480   0.2728900
24.500   0.2524500
24.520   0.2221800
24.540   0.2140500
24.560   0.1969700
24.580   0.1999800
24.600   0.2129400
24.620   0.2286000
24.640   0.2329500
24.660   0.1934800
24.680   0.1469600
24.700   0.1069300
24.720   0.0880900
24.740   0.0840300
24.760   0.0787400
24.780   0.0507400
24.800   0.0165700
24.820  -0.0086400
24.840  -0.0329700
24.860  -0.0471000
24.880  -0.0590800
24.900  -0.0636000
24.920  -0.0595200
24.940  -0.0521100
24.960  -0.0583200
24.980  -0.0537700
25.000  -0.0454700
25.020  -0.0625900
25.040  -0.0715500
25.060  -0.0962700
25.080  -0.1075800
25.100  -0.0967000
25.120  -0.0591700
25.140  -0.0279600
25.160  -0.0346400
25.180  -0.0375300
25.200  -0.0505700
25.220  -0.0571100
25.240  -0.0902400
25.260  -0.1352600
25.280  -0.1481700
25.300  -0.1036700
25.320  -0.0263200
25.340   0.0485400
25.360   0.1092300
25.380   0.1476200
25.400   0.1525700
25.420   0.1174500
25.440   0.0924200
25.460   0.0650300
25.480   0.0333000
25.500   0.0019800
25.520  -0.0371800
25.540  -0.0605800
25.560  -0.0539300
25.580  -0.0084500
25.600   0.0482700
25.620   0.0944600
25.640   0.1322000
25.660   0.1361900
25.680   0.0691400
25.700  -0.0208500
25.720  -0.0757200
25.740  -0.0914400
25.760  -0.0726600
25.780  -0.0281100
25.800   0.0195300
25.820   0.0462700
25.840   0.0566900
25.860   0.0229700
25.880  -0.0364200
25.900  -0.0605800
25.920  -0.0510500
25.940  -0.0061200
25.960   0.0430500
25.980   0.0729100
26.000   0.0999500
26.020   0.1200100
26.040   0.1233600
26.060   0.0740000
26.080   0.0092600
26.100  -0.0583200
26.120  -0.0822800
26.140  -0.0747600
26.160  -0.0545100
26.180  -0.0341100
26.200  -0.0339900
26.220  -0.0479400
26.240  -0.0696200
26.260  -0.1048600
26.280  -0.1401700
26.300  -0.1496400
26.320  -0.1422100
26.340  -0.1054200
26.360  -0.0784600
26.380  -0.0616800
26.400  -0.0579100
26.420  -0.0472800
26.440  -0.0184500
26.460  -0.0013700
26.480   0.0126400
26.500   0.0178100
26.520   0.0092600
26.540   0.0124000
26.560   0.0179000
26.580   0.0398800
26.600   0.0603800
26.620   0.0657100
26.640   0.0721200
26.660   0.0484400
26.680   0.0370500
26.700   0.0379200
26.720   0.0488700
26.740   0.0594500
26.760   0.0411900
26.780   0.0157000
26.800  -0.0199300
26.820  -0.0392000
26.840  -0.0617400
26.860  -0.0805200
26.880  -0.0901500
26.900  -0.0934600
26.920  -0.0556900
26.940  -0.0139700
26.960   0.0180900
26.980   0.0480200
27.000   0.0629600
27.020   0.0320400
27.040  -0.0269900
27.060  -0.0911800
27.080  -0.1236300
27.100  -0.1175400
27.120  -0.0986100
27.140  -0.0747400
27.160  -0.0670500
27.180  -0.0338100
27.200  -0.0115700
27.220  -0.0096900
27.240  -0.0188500
27.260  -0.0279300
27.280  -0.0201600
27.300  -0.0125300
27.320   0.0127800
27.340   0.0113000
27.360   0.0064600
27.380   0.0176500
27.400   0.0363000
27.420   0.0417300
27.440   0.0405100
27.460   0.0247000
27.480   0.0213200
27.500   0.0041300
27.520  -0.0233300
27.540  -0.0408200
27.560  -0.0416700
27.580  -0.0120400
27.600   0.0069700
27.620   0.0456500
27.640   0.0640500
27.660   0.0740100
27.680   0.0710200
27.700   0.0599000
27.720   0.0340100
27.740   0.0204200
27.760   0.0338600
27.780   0.0713400
27.800   0.1100700
27.820   0.1289100
27.840   0.1274400
27.860   0.1120300
27.880   0.0966500
27.900   0.0465700
27.920   0.0074700
27.940   0.0037900
27.960   0.0164700
27.980   0.0640100
28.000   0.1064900
28.020   0.0985800
28.040   0.0676200
28.060   0.0329300
28.080   0.0099500
28.100  -0.0161000
28.120  -0.0427800
28.140  -0.0628700
28.160  -0.0754300
28.180  -0.0893300
28.200  -0.0970200
28.220  -0.0739800
28.240  -0.0133800
28.260   0.0508100
28.280   0.0939400
28.300   0.1142300
28.320   0.1033400
28.340   0.0740900
28.360   0.0310000
28.380  -0.0019800
28.400  -0.0246700
28.420  -0.0313500
28.440  -0.0331800
28.460  -0.0606600
28.480  -0.0585800
28.500  -0.0591900
28.520  -0.0561800
28.540  -0.0519700
28.560  -0.0621300
28.580  -0.0753700
28.600  -0.1138300
28.620  -0.1367700
28.640  -0.1422200
28.660  -0.1312300
28.680  -0.1194000
28.700  -0.1138300
28.720  -0.1036600
28.740  -0.0932400
28.760  -0.0968100
28.780  -0.0926800
28.800  -0.0784500
28.820  -0.0500500
28.840  -0.0211400
28.860  -0.0080900
28.880  -0.0242300
28.900  -0.0315400
28.920  -0.0426200
28.940  -0.0548800
28.960  -0.0404100
28.980  -0.0398300
29.000  -0.0363700
29.020  -0.0495700
29.040  -0.0671700
29.060  -0.0665600
29.080  -0.0675000
29.100  -0.0625000
29.120  -0.0552900
29.140  -0.0294400
29.160  -0.0022900
29.180   0.0246400
29.200   0.0433500
29.220   0.0452100
29.240   0.0450300
29.260   0.0539600
29.280   0.0728600
29.300   0.0732400
29.320   0.0795200
29.340   0.0838400
29.360   0.0716000
29.380   0.0545300
29.400   0.0351200
29.420   0.0206600
29.440   0.0102500
29.460   0.0055600
29.480   0.0182600
29.500   0.0270000
29.520   0.0452300
29.540   0.0476600
29.560   0.0541100
29.580   0.0703000
29.600   0.0692700
29.620   0.0580100
29.640   0.0279100
29.660   0.0034400
29.680  -0.0245800
29.700  -0.0383700
29.720  -0.0284400
29.740  -0.0189900
29.760  -0.0128400
29.780  -0.0166600
29.800  -0.0459800
29.820  -0.0756600
29.840  -0.0948600
29.860  -0.0942600
29.880  -0.0631000
29.900  -0.0160200
29.920   0.0107600
29.940   0.0254700
29.960   0.0485900
29.980   0.0665600
30.000   0.0836200
30.020   0.0877300
30.040   0.0734000
30.060   0.0564400
30.080   0.0509600
30.100   0.0556400
30.120   0.0660600
30.140   0.0781400
30.160   0.1044800
30.180   0.1241200
30.200   0.1227200
30.220   0.1237900
30.240   0.1177500
30.260   0.1291200
30.280   0.1375300
30.300   0.1328800
30.320   0.1118800
30.340   0.0939800
30.360   0.0801100
30.380   0.0761300
30.400   0.0780600
30.420   0.0902900
30.440   0.0993700
30.460   0.0942500
30.480   0.0714700
30.500   0.0331300
30.520   0.0170100
30.540  -0.0010000
30.560  -0.0097900
30.580  -0.0029400
30.600   0.0168900
30.620   0.0271500
30.640   0.0432300
30.660   0.0395800
30.680   0.0217800
30.700  -0.0092400
30.720  -0.0547500
30.740  -0.0940600
30.760  -0.1246200
30.780  -0.1261300
30.800  -0.1094600
30.820  -0.0878000
30.840  -0.0707200
30.860  -0.0459900
30.880  -0.0310600
30.900  -0.0195000
30.920  -0.0073400
30.940  -0.0066800
30.960   0.0097300
30.980   0.0277600
31.000   0.0579200
31.020   0.0800800
31.040   0.1025600
31.060   0.1066700
31.080   0.0883900
31.100   0.0761000
31.120   0.0536000
31.140   0.0411000
31.160   0.0285200
31.180   0.0205700
31.200   0.0227000
31.220   0.0213200
31.240   0.0212300
31.260   0.0320100
31.280   0.0190200
31.300   0.0054300
31.320  -0.0132100
31.340  -0.0287600
31.360  -0.0298300
31.380  -0.0177600
31.400  -0.0105100
31.420  -0.0321100
31.440  -0.0700600
31.460  -0.1063500
31.480  -0.1193600
31.500  -0.1190600
31.520  -0.1133400
31.540  -0.0833100
31.560  -0.0426400
31.580  -0.0189600
31.600   0.0096300
31.620   0.0252200
31.640   0.0297700
31.660   0.0173200
31.680  -0.0170200
31.700  -0.0245200
31.720  -0.0297500
31.740  -0.0368600
31.760  -0.0224100
31.780  -0.0351900
31.800  -0.0318500
31.820  -0.0408500
31.840  -0.0482800
31.860  -0.0515200
31.880  -0.0654000
31.900  -0.0752500
31.920  -0.0808000
31.940  -0.0935200
31.960  -0.1006500
31.980  -0.1003800
32.000  -0.0967700
32.020  -0.0722000
32.040  -0.0432300
32.060  -0.0173900
32.080  -0.0275500
32.100  -0.0355200
32.120  -0.0559600
32.140  -0.0642900
32.160  -0.0692500
32.180  -0.0785800
32.200  -0.0732900
32.220  -0.0778300
32.240  -0.0815600
32.260  -0.0846600
32.280  -0.0900900
32.300  -0.0939700
32.320  -0.1149100
32.340  -0.1261700
32.360  -0.1167600
32.380  -0.1041200
32.400  -0.0979000
32.420  -0.0946700
32.440  -0.0829700
32.460  -0.0675300
32.480  -0.0765600
32.500  -0.0704200
32.520  -0.0495700
32.540  -0.0418900
32.560  -0.0083400
32.580  -0.0064300
32.600   0.0029300
32.620   0.0100100
32.640   0.0093900
32.660   0.0041000
32.680  -0.0128800
32.700  -0.0033200
32.720   0.0174100
32.740   0.0398000
32.760   0.0425900
32.780   0.0214700
32.800  -0.0201200
32.820  -0.0412600
32.840  -0.0458800
32.860  -0.0587900
32.880  -0.0471400
32.900  -0.0400000
32.920  -0.0260100
32.940  -0.0055200
32.960   0.0024500
32.980   0.0175300
33.000   0.0255400
33.020   0.0495900
33.040   0.0630900
33.060   0.0783500
33.080   0.0782400
33.100   0.0708200
33.120   0.0860200
33.140   0.0832700
33.160   0.0737000
33.180   0.0743900
33.200   0.0857100
33.220   0.1160500
33.240   0.1320500
33.260   0.1148300
33.280   0.0714200
33.300   0.0390800
33.320   0.0170400
33.340   0.0025100
33.360   0.0045600
33.380   0.0132000
33.400   0.0364800
33.420   0.0498700
33.440   0.0299100
33.460   0.0116000
33.480   0.0071300
33.500   0.0078300
33.520   0.0060500
33.540  -0.0117300
33.560  -0.0149400
33.580  -0.0163200
33.600  -0.0013700
33.620   0.0111700
33.640   0.0187000
33.660   0.0471700
33.680   0.0558200
33.700   0.0655300
33.720   0.0548300
33.740   0.0282100
33.760   0.0254300
33.780   0.0405100
33.800   0.0575500
33.820   0.0648000
33.840   0.0699500
33.860   0.0617000
33.880   0.0528800
33.900   0.0562900
33.920   0.0460000
33.940   0.0369700
33.960   0.0394200
33.980   0.0318500
34.000   0.0203300
34.020   0.0079200
34.040   0.0185200
34.060   0.0465300
34.080   0.0626800
34.100   0.0603600
34.120   0.0542600
34.140   0.0375800
34.160   0.0352200
34.180   0.0419900
34.200   0.0564200
34.220   0.0824200
34.240   0.0817500
34.260   0.0834200
34.280   0.0779500
34.300   0.0798000
34.320   0.0806600
34.340   0.0912100
34.360   0.0858600
34.380   0.0770100
34.400   0.0625600
34.420   0.0507900
34.440   0.0412200
34.460   0.0295200
34.480   0.0280300
34.500   0.0242600
34.520   0.0259400
34.540   0.0134300
34.560  -0.0092400
34.580  -0.0508300
34.600  -0.0613500
34.620  -0.0598000
34.640  -0.0590800
34.660  -0.0434800
34.680  -0.0293700
34.700  -0.0006600
34.720   0.0141900
34.740   0.0067000
34.760  -0.0050300
34.780  -0.0244800
34.800  -0.0390400
34.820  -0.0639900
34.840  -0.0765700
34.860  -0.0665800
34.880  -0.0476000
34.900  -0.0214200
34.920  -0.0034000
34.940  -0.0042500
34.960  -0.0176300
34.980  -0.0226300
35.000  -0.0347900
35.020  -0.0412900
35.040  -0.0443000
35.060  -0.0283300
35.080  -0.0151700
35.100  -0.0071600
35.120  -0.0051900
35.140  -0.0193100
35.160  -0.0301000
35.180  -0.0588000
35.200  -0.0715000
35.220  -0.0973900
35.240  -0.1056000
35.260  -0.1016400
35.280  -0.0935000
35.300  -0.0792900
35.320  -0.0732500
35.340  -0.0514500
35.360  -0.0462900
35.380  -0.0318400
35.400  -0.0249100
35.420  -0.0180800
35.440  -0.0213300
35.460  -0.0103700
35.480   0.0100600
35.500   0.0325000
35.520   0.0487000
35.540   0.0456600
35.560   0.0528000
35.580   0.0647500
35.600   0.0643500
35.620   0.0657700
35.640   0.0742700
35.660   0.0902600
35.680   0.0968400
35.700   0.0936600
35.720   0.1072400
35.740   0.0933700
35.760   0.0719800
35.780   0.0602000
35.800   0.0416600
35.820   0.0378100
35.840   0.0349900
35.860   0.0404100
35.880   0.0477300
35.900   0.0604100
35.920   0.0400000
35.940   0.0041600
35.960  -0.0158700
35.980  -0.0354400
36.000  -0.0357500
36.020  -0.0453800
36.040  -0.0570000
36.060  -0.0528700
36.080  -0.0375800
36.100  -0.0439100
36.120  -0.0459700
36.140  -0.0461900
36.160  -0.0478700
36.180  -0.0496300
36.200  -0.0586400
36.220  -0.0477700
36.240  -0.0244500
36.260  -0.0130200
36.280  -0.0300900
36.300  -0.0520600
36.320  -0.0635700
36.340  -0.0593800
36.360  -0.0545500
36.380  -0.0766000
36.400  -0.0938500
36.420  -0.1003100
36.440  -0.0640000
36.460  -0.0239700
36.480  -0.0004900
36.500   0.0044400
36.520  -0.0103900
36.540  -0.0217100
36.560  -0.0285100
36.580  -0.0342100
36.600  -0.0500600
36.620  -0.0622300
36.640  -0.0701100
36.660  -0.0730200
36.680  -0.0703000
36.700  -0.0668300
36.720  -0.0557200
36.740  -0.0448700
36.760  -0.0443000
36.780  -0.0429800
36.800  -0.0310700
36.820  -0.0101200
36.840   0.0011600
36.860   0.0079100
36.880   0.0116900
36.900   0.0142700
36.920   0.0140700
36.940   0.0029400
36.960  -0.0065600
36.980  -0.0211900
37.000  -0.0387500
37.020  -0.0548200
37.040  -0.0650600
37.060  -0.0452600
37.080  -0.0030300
37.100   0.0245400
37.120   0.0182200
37.140   0.0163000
37.160   0.0091500
37.180   0.0185500
37.200   0.0167300
37.220   0.0161200
37.240   0.0146500
37.260   0.0141900
37.280   0.0202700
37.300   0.0257400
37.320   0.0396500
37.340   0.0385600
37.360   0.0311200
37.380   0.0159500
37.400   0.0205700
37.420   0.0311000
37.440   0.0514900
37.460   0.0609400
37.480   0.0633400
37.500   0.0672200
37.520   0.0678200
37.540   0.0621000
37.560   0.0465600
37.580   0.0510400
37.600   0.0568400
37.620   0.0638700
37.640   0.0700400
37.660   0.0487200
37.680   0.0284300
37.700   0.0148600
37.720   0.0132300
37.740   0.0114600
37.760   0.0212500
37.780   0.0383600
37.800   0.0519700
37.820   0.0735400
37.840   0.0629000
37.860   0.0431100
37.880   0.0364000
37.900   0.0397400
37.920   0.0384400
37.940   0.0401400
37.960   0.0285300
37.980   0.0110900
38.000   0.0017500
38.020  -0.0136300
38.040  -0.0186800
38.060  -0.0276300
38.080  -0.0190500
38.100   0.0057600
38.120   0.0055800
38.140   0.0056300
38.160   0.0116300
38.180   0.0062500
38.200  -0.0089600
38.220  -0.0363800
38.240  -0.0419500
38.260  -0.0508600
38.280  -0.0451800
38.300  -0.0513400
38.320  -0.0389400
38.340  -0.0317500
38.360  -0.0470400
38.380  -0.0576300
38.400  -0.0778200
38.420  -0.0777900
38.440  -0.0752400
38.460  -0.0762300
38.480  -0.0653600
38.500  -0.0399700
38.520  -0.0144700
38.540   0.0200300
38.560   0.0205200
38.580   0.0074300
38.600   0.0071800
38.620   0.0073400
38.640  -0.0045300
38.660  -0.0227100
38.680  -0.0476900
38.700  -0.0462900
38.720  -0.0690100
38.740  -0.0671300
38.760  -0.0474700
38.780  -0.0356400
38.800  -0.0244800
38.820  -0.0418500
38.840  -0.0488200
38.860  -0.0434100
38.880  -0.0172600
38.900   0.0025200
38.920   0.0203600
38.940   0.0295700
38.960   0.0420500
38.980   0.0490700
39.000   0.0396000
39.020   0.0309000
39.040   0.0246500
39.060   0.0319100
39.080   0.0267500
39.100   0.0326700
39.120   0.0216400
39.140   0.0165000
39.160   0.0166000
39.180  -0.0021300
39.200   0.0012500
39.220  -0.0077000
39.240  -0.0110100
39.260  -0.0038900
39.280  -0.0028900
39.300   0.0065600
39.320   0.0150200
39.340   0.0098600
39.360   0.0141300
39.380   0.0024100
39.400   0.0075600
39.420   0.0310300
39.440   0.0505800
39.460   0.0710500
39.480   0.0658900
39.500   0.0493400
39.520   0.0538800
39.540   0.0691300
39.560   0.0712300
39.580   0.0704100
39.600   0.0713700
39.620   0.0571000
39.640   0.0386800
39.660   0.0353900
39.680   0.0369200
39.700   0.0536600
39.720   0.0723900
39.740   0.0723300
39.760   0.0759700
39.780   0.0698600
39.800   0.0694300
39.820   0.0544700
39.840   0.0397700
39.860   0.0210000
39.880   0.0118700
39.900   0.0004700
39.920  -0.0163800
39.940  -0.0253400
39.960  -0.0312900
39.980  -0.0103300
40.000   0.0117400
40.020   0.0279300
40.040   0.0356500
40.060   0.0273400
40.080   0.0278000
40.100   0.0262500
40.120   0.0244800
40.140   0.0170000
40.160   0.0177100
40.180   0.0239500
40.200   0.0270000
40.220   0.0213000
40.240   0.0017500
40.260  -0.0084700
40.280  -0.0318000
40.300  -0.0371100
40.320  -0.0455200
40.340  -0.0627900
40.360  -0.0745300
40.380  -0.0826900
40.400  -0.0767000
40.420  -0.0549400
40.440  -0.0313900
40.460  -0.0162400
40.480  -0.0230300
40.500  -0.0277700
40.520  -0.0320800
40.540  -0.0336500
40.560  -0.0329800
40.580  -0.0351200
40.600  -0.0356100
40.620  -0.0319300
40.640  -0.0349100
40.660  -0.0526100
40.680  -0.0547200
40.700  -0.0736300
40.720  -0.0836700
40.740  -0.1003800
40.760  -0.1170800
40.780  -0.1197600
40.800  -0.1226300
40.820  -0.1298100
40.840  -0.1184700
40.860  -0.0980700
40.880  -0.0843000
40.900  -0.0660300
40.920  -0.0684000
40.940  -0.0677300
40.960  -0.0720400
40.980  -0.0899600
41.000  -0.0954300
41.020  -0.0984700
41.040  -0.0871000
41.060  -0.0672100
41.080  -0.0553800
41.100  -0.0375000
41.120  -0.0169200
41.140  -0.0092300
41.160  -0.0006400
41.180   0.0331000
41.200   0.0393900
41.220   0.0449100
41.240   0.0348900
41.260   0.0166800
41.280   0.0139800
41.300   0.0220600
41.320   0.0234700
41.340   0.0066300
41.360  -0.0131800
41.380  -0.0157300
41.400  -0.0159600
41.420  -0.0133900
41.440   0.0073800
41.460   0.0270500
41.480   0.0567300
41.500   0.0681200
41.520   0.0739000
41.540   0.0779700
41.560   0.0954900
41.580   0.0966600
41.600   0.0986500
41.620   0.0919100
41.640   0.0744000
41.660   0.0696900
41.680   0.0498700
41.700   0.0339700
41.720   0.0185200
41.740   0.0096000
41.760   0.0095000
41.780   0.0161600
41.800   0.0184200
41.820   0.0235200
41.840   0.0348700
41.860   0.0343000
41.880   0.0216200
41.900   0.0126600
41.920  -0.0075900
41.940  -0.0252100
41.960  -0.0261600
41.980  -0.0283300
42.000  -0.0217600
42.020  -0.0122800
42.040  -0.0100500
42.060   0.0122300
42.080   0.0182400
42.100   0.0274900
42.120   0.0485200
42.140   0.0447600
42.160   0.0473500
42.180   0.0502500
42.200   0.0350300
42.220   0.0187700
42.240   0.0142500
42.260   0.0241500
42.280   0.0350400
42.300   0.0444600
42.320   0.0440600
42.340   0.0516000
42.360   0.0668900
42.380   0.0650800
42.400   0.0425300
42.420   0.0336700
42.440   0.0144100
42.460   0.0038000
42.480  -0.0021900
42.500  -0.0029200
42.520   0.0179000
42.540   0.0321600
42.560   0.0486000
42.580   0.0385500
42.600   0.0180600
42.620   0.0145100
42.640   0.0022500
42.660  -0.0057600
42.680  -0.0130700
42.700  -0.0350300
42.720  -0.0279900
42.740  -0.0183100
42.760   0.0002100
42.780   0.0167100
42.800   0.0220900
42.820   0.0307200
42.840   0.0258100
42.860   0.0153000
42.880  -0.0133000
42.900  -0.0340900
42.920  -0.0526700
42.940  -0.0568800
42.960  -0.0423400
42.980  -0.0162600
43.000   0.0058800
43.020   0.0137500
43.040   0.0301100
43.060   0.0371700
43.080   0.0276900
43.100   0.0113200
43.120   0.0039500
43.140  -0.0143200
43.160  -0.0162800
43.180   0.0068500
43.200   0.0205300
43.220   0.0539000
43.240   0.0256000
43.260  -0.0193600
43.280   0.0160200
43.300  -0.0149000
43.320  -0.0291400
43.340  -0.0607800
43.360  -0.0778300
43.380  -0.0352100
43.400  -0.0470100
43.420  -0.0210400
43.440  -0.0259500
43.460  -0.0358500
43.480  -0.0387500
43.500  -0.0097600
43.520  -0.0086400
43.540  -0.0339000
43.560  -0.0298200
43.580  -0.0174800
43.600  -0.0289300
43.620  -0.0352000
43.640  -0.0345800
43.660  -0.0332400
43.680   0.0077300
43.700   0.0196300
43.720   0.0247600
43.740   0.0127700
43.760   0.0013800
43.780   0.0102600
43.800  -0.0191400
43.820  -0.0518600
43.840  -0.0557700
43.860  -0.0587900
43.880  -0.0247800
43.900  -0.0060000
43.920   0.0008000
43.940  -0.0070200
43.960  -0.0007800
43.980   0.0104100
44.000  -0.0181000
44.020  -0.0227700
44.040  -0.0352000
44.060  -0.0415000
44.080  -0.0242900
44.100  -0.0200800
44.120   0.0010100
44.140   0.0192400
44.160   0.0136500
44.180  -0.0120100
44.200  -0.0331600
44.220  -0.0470100
44.240  -0.0644700
44.260  -0.0698400
44.280  -0.0651900
44.300  -0.0435900
44.320  -0.0145200
44.340   0.0203700
44.360   0.0425200
44.380   0.0492900
44.400   0.0603100
44.420   0.0601100
44.440   0.0298100
44.460   0.0078100
44.480  -0.0115400
44.500  -0.0074500
44.520   0.0008500
44.540  -0.0099200
44.560  -0.0077300
44.580  -0.0145000
44.600  -0.0029800
44.620  -0.0006000
44.640  -0.0225100
44.660  -0.0265500
44.680  -0.0109700
44.700   0.0019600
44.720   0.0196200
44.740   0.0183800
44.760   0.0219400
44.780   0.0122600
44.800  -0.0022700
44.820   0.0024100
44.840   0.0014000
44.860  -0.0239600
44.880  -0.0261600
44.900  -0.0155100
44.920   0.0076300
44.940   0.0325700
44.960   0.0587900
44.980   0.0860200
45.000   0.0839200
45.020   0.1026400
45.040   0.0739000
45.060   0.0695300
45.080   0.0680100
45.100   0.0667100
45.120   0.0677400
45.140   0.0635400
45.160   0.0532400
45.180   0.0269700
45.200  -0.0004300
45.220  -0.0236700
45.240  -0.0296000
45.260  -0.0133200
45.280   0.0085500
45.300   0.0048400
45.320   0.0006400
45.340   0.0055000
45.360   0.0489100
45.380   0.1423500
45.400   0.1996700
45.420   0.1600500
45.440   0.0791900
45.460   0.0137400
45.480  -0.0133800
45.500  -0.0181900
45.520  -0.0211500
45.540  -0.0272300
45.560  -0.0289100
45.580   0.0117700
45.600   0.0531300
45.620   0.0653600
45.640   0.0647100
45.660   0.0654900
45.680   0.0642600
45.700   0.0259500
45.720  -0.0263400
45.740  -0.0696300
45.760  -0.0795700
45.780  -0.0444400
45.800  -0.0036800
45.820   0.0259200
45.840   0.0406900
45.860   0.0171600
45.880  -0.0206700
45.900  -0.0466700
45.920  -0.0516800
45.940  -0.0504400
45.960  -0.0521500
45.980  -0.0596800
46.000  -0.0766000
46.020  -0.0785300
46.040  -0.0557000
46.060  -0.0279500
46.080  -0.0067200
46.100   0.0045300
46.120  -0.0075500
46.140  -0.0226200
46.160  -0.0420800
46.180  -0.0567900
46.200  -0.0602700
46.220  -0.0580400
46.240  -0.0471700
46.260  -0.0233000
46.280  -0.0087700
46.300  -0.0237500
46.320  -0.0407800
46.340  -0.0603600
46.360  -0.0919000
46.380  -0.1087500
46.400  -0.0876200
46.420  -0.0515700
46.440  -0.0081700
46.460   0.0220600
46.480   0.0232600
46.500   0.0264200
46.520   0.0108800
46.540  -0.0177400
46.560  -0.0510800
46.580  -0.0593200
46.600  -0.0381300
46.620  -0.0096300
46.640   0.0155500
46.660   0.0305600
46.680   0.0474000
46.700   0.0426100
46.720   0.0229000
46.740   0.0138700
46.760   0.0131500
46.780   0.0163900
46.800   0.0164000
46.820   0.0163800
46.840   0.0376000
46.860   0.0541400
46.880   0.0712800
46.900   0.0619000
46.920   0.0479700
46.940   0.0411200
46.960   0.0451500
46.980   0.0305800
47.000   0.0153800
47.020   0.0016300
47.040  -0.0172200
47.060  -0.0121900
47.080  -0.0266000
47.100  -0.0358500
47.120  -0.0319100
47.140  -0.0093400
47.160   0.0108000
47.180   0.0171000
47.200   0.0038000
47.220  -0.0147700
47.240  -0.0330000
47.260  -0.0457000
47.280  -0.0643300
47.300  -0.0777300
47.320  -0.0855700
47.340  -0.0612100
47.360  -0.0260200
47.380  -0.0050300
47.400   0.0108700
47.420  -0.0039400
47.440  -0.0171200
47.460  -0.0373900
47.480  -0.0395100
47.500  -0.0239400
47.520  -0.0164100
47.540  -0.0112500
47.560   0.0054300
47.580   0.0121200
47.600   0.0132700
47.620   0.0091100
47.640   0.0069200
47.660   0.0116800
47.680   0.0046000
47.700   0.0003300
47.720  -0.0124700
47.740  -0.0103100
47.760   0.0245500
47.780   0.0430300
47.800   0.0558100
47.820   0.0350400
47.840   0.0127500
47.860   0.0122700
47.880   0.0145100
47.900   0.0459500
47.920   0.0626900
47.940   0.0856400
47.960   0.0831900
47.980   0.0679300
48.000   0.0527100
48.020   0.0299800
48.040   0.0169400
48.060   0.0116100
48.080   0.0127800
48.100   0.0168700
48.120   0.0253900
48.140   0.0315300
48.160   0.0474400
48.180   0.0669300
48.200   0.0742000
48.220   0.0705500
48.240   0.0710600
48.260   0.0701600
48.280   0.0641300
48.300   0.0608400
48.320   0.0421800
48.340   0.0266000
48.360   0.0169900
48.380   0.0033700
48.400  -0.0045600
48.420  -0.0071300
48.440  -0.0128200
48.460  -0.0136500
48.480  -0.0245600
48.500  -0.0411100
48.520  -0.0600900
48.540  -0.0713600
48.560  -0.0687000
48.580  -0.0780200
48.600  -0.0657100
48.620  -0.0590100
48.640  -0.0544400
48.660  -0.0445100
48.680  -0.0425700
48.700  -0.0336600
48.720  -0.0480200
48.740  -0.0560700
48.760  -0.0389300
48.780  -0.0273700
48.800  -0.0292800
48.820  -0.0396000
48.840  -0.0369400
48.860  -0.0247200
48.880  -0.0317600
48.900  -0.0362800
48.920  -0.0426300
48.940  -0.0424700
48.960  -0.0438600
48.980  -0.0398400
49.000  -0.0202500
49.020  -0.0104300
49.040   0.0121100
49.060   0.0137600
49.080   0.0135600
49.100   0.0009000
49.120  -0.0130700
49.140  -0.0159700
49.160  -0.0303700
49.180  -0.0259300
49.200  -0.0178700
49.220  -0.0187800
49.240  -0.0133100
49.260  -0.0144400
49.280  -0.0137800
49.300  -0.0087500
49.320   0.0030600
49.340   0.0095100
49.360   0.0078000
49.380   0.0005700
49.400  -0.0122100
49.420  -0.0141400
49.440  -0.0144300
49.460  -0.0133600
49.480  -0.0143500
49.500   0.0051700
49.520   0.0147800
49.540   0.0168200
49.560   0.0392100
49.580   0.0428400
49.600   0.0267000
49.620   0.0187200
49.640   0.0158700
49.660   0.0245700
49.680   0.0339500
49.700   0.0351000
49.720   0.0191600
49.740   0.0156300
49.760   0.0184500
49.780   0.0140100
49.800   0.0156900
49.820   0.0107600
49.840   0.0161100
49.860   0.0137500
49.880  -0.0056900
49.900  -0.0171000
49.920  -0.0249600
49.940  -0.0314700
49.960  -0.0279300
49.980  -0.0256400
50.000  -0.0182400
50.020  -0.0137600
50.040  -0.0126800
50.060  -0.0137300
50.080  -0.0118300
50.100  -0.0020600
50.120  -0.0111700
50.140  -0.0130900
50.160  -0.0129800
50.180  -0.0130800
50.200  -0.0236300
50.220  -0.0428500
50.240  -0.0423400
50.260  -0.0295100
50.280  -0.0153900
50.300  -0.0272800
50.320  -0.0180600
50.340  -0.0014400
50.360   0.0057400
50.380  -0.0004000
50.400  -0.0279400
50.420  -0.0266600
50.440  -0.0267000
50.460  -0.0260100
50.480  -0.0360200
50.500  -0.0425800
50.520  -0.0348400
50.540  -0.0194500
50.560   0.0005200
50.580   0.0035900
50.600   0.0161500
50.620   0.0293000
50.640   0.0364900
50.660   0.0477800
50.680   0.0493800
50.700   0.0506800
50.720   0.0403600
50.740   0.0154300
50.760   0.0070000
50.780   0.0139700
50.800   0.0268400
50.820   0.0265000
50.840   0.0366500
50.860   0.0269000
50.880   0.0145700
50.900   0.0174600
50.920   0.0310500
50.940   0.0452700
50.960   0.0431400
50.980   0.0541000
51.000   0.0593000
51.020   0.0483000
51.040   0.0440100
51.060   0.0253200
51.080   0.0180000
51.100   0.0310500
51.120   0.0136000
51.140   0.0071100
51.160   0.0085300
51.180   0.0142200
51.200   0.0367500
51.220   0.0498200
51.240   0.0506100
51.260   0.0426500
51.280   0.0234600
51.300   0.0166300
51.320  -0.0029200
51.340   0.0002000
51.360   0.0015800
51.380  -0.0085800
51.400  -0.0129200
51.420  -0.0214300
51.440  -0.0179800
51.460  -0.0038200
51.480   0.0113000
51.500   0.0126800
51.520   0.0075400
51.540  -0.0156400
51.560  -0.0264100
51.580  -0.0413700
51.600  -0.0472700
51.620  -0.0452000
51.640  -0.0315500
51.660  -0.0210100
51.680  -0.0143400
51.700  -0.0090500
51.720  -0.0178700
51.740  -0.0218100
51.760  -0.0350200
51.780  -0.0388200
51.800  -0.0425300
51.820  -0.0619200
51.840  -0.0679800
51.860  -0.0494500
51.880  -0.0318800
51.900  -0.0230700
51.920  -0.0074600
51.940   0.0068800
51.960   0.0161800
51.980   0.0229900
52.000   0.0248200
52.020   0.0321100
52.040   0.0360100
52.060   0.0437300
52.080   0.0515300
52.100   0.0383900
52.120   0.0403700
52.140   0.0367000
52.160   0.0201400
52.180   0.0116200
52.200   0.0150900
52.220   0.0308400
52.240   0.0304300
52.260   0.0388400
52.280   0.0408900
52.300   0.0372000
52.320   0.0385200
52.340   0.0119300
52.360   0.0047900
52.380   0.0087300
52.400  -0.0040600
52.420  -0.0065400
52.440  -0.0049000
52.460   0.0098000
52.480   0.0245300
52.500   0.0198700
52.520   0.0202200
52.540   0.0222000
52.560   0.0245600
52.580   0.0463700
52.600   0.0430300
52.620   0.0340700
52.640   0.0263600
52.660   0.0245300
52.680   0.0219700
52.700   0.0173400
52.720   0.0269300
52.740   0.0240300
52.760   0.0273500
52.780   0.0271100
52.800   0.0019400
52.820  -0.0040200
52.840  -0.0177100
52.860  -0.0333900
52.880  -0.0356900
52.900  -0.0321900
52.920  -0.0116900
52.940  -0.0073900
52.960   0.0085200
52.980   0.0242200
53.000   0.0362200
53.020   0.0263400
53.040  -0.0006200
53.060  -0.0278800
53.080  -0.0531800
53.100  -0.0576000
53.120  -0.0554200
53.140  -0.0452700
53.160  -0.0474800
53.180  -0.0397000
53.200  -0.0339800
53.220  -0.0374000
53.240  -0.0392400
53.260  -0.0507400
53.280  -0.0437800
53.300  -0.0263300
53.320  -0.0157100
53.340  -0.0019700
53.360  -0.0008600
53.380  -0.0015100
53.400  -0.0185600
53.420  -0.0503600
53.440  -0.0744600
53.460  -0.0690400
53.480  -0.0339300
53.500  -0.0012900
53.520   0.0081100
53.540   0.0106700
53.560   0.0103200
53.580   0.0123500
53.600   0.0091000
53.620  -0.0150700
53.640  -0.0357700
53.660  -0.0352500
53.680  -0.0064600
53.700   0.0008400
53.720   0.0141500
53.740   0.0315500
53.760   0.0356100
53.780   0.0363700
53.800   0.0251000
53.820   0.0027800
53.840  -0.0125700
53.860  -0.0114400
53.880  -0.0149700
53.900   0.0045900
53.920   0.0229300
53.940   0.0394100
53.960   0.0308400
53.980   0.0073200
54.000   0.0075900
54.020   0.0142200
54.040   0.0069700
54.060   0.0076300
54.080   0.0158100
54.100   0.0079400
54.120   0.0286800
54.140   0.0308200
54.160   0.0359000
54.180   0.0438100
54.200   0.0260300
54.220   0.0082800
54.240  -0.0082200
54.260  -0.0303700
54.280  -0.0581000
54.300  -0.0795800
54.320  -0.0772300
54.340  -0.0583900
54.360  -0.0444400
54.380  -0.0479700
54.400  -0.0488700
54.420  -0.0480300
54.440  -0.0421000
54.460  -0.0325900
54.480  -0.0243300
54.500  -0.0177400
54.520  -0.0057700
54.540   0.0131900
54.560   0.0211300
54.580   0.0232500
54.600   0.0170800
54.620  -0.0016100
54.640  -0.0145100
54.660  -0.0141900
54.680  -0.0224500
54.700  -0.0187900
54.720  -0.0151200
54.740  -0.0007700
54.760   0.0147700
54.780   0.0013700
54.800  -0.0171700
54.820  -0.0517300
54.840  -0.0633900
54.860  -0.0348300
54.880  -0.0231900
54.900   0.0092100
54.920   0.0257700
54.940   0.0307800
54.960   0.0296700
54.980   0.0345100
55.000   0.0383100
55.020   0.0272500
55.040   0.0266000
55.060   0.0114900
55.080   0.0157600
55.100   0.0079100
55.120   0.0023100
55.140  -0.0099000
55.160  -0.0132500
55.180  -0.0183900
55.200  -0.0394400
55.220  -0.0313100
55.240  -0.0290000
55.260  -0.0242600
55.280  -0.0187400
55.300  -0.0123300
55.320   0.0039600
55.340   0.0133200
55.360   0.0160500
55.380  -0.0042300
55.400  -0.0141000
55.420  -0.0008400
55.440  -0.0001700
55.460  -0.0001500
55.480   0.0034700
55.500   0.0000100
55.520   0.0059100
55.540   0.0152000
55.560   0.0095600
55.580   0.0078800
55.600   0.0172500
55.620   0.0248700
55.640   0.0300900
55.660   0.0259600
55.680   0.0160300
55.700  -0.0013700
55.720   0.0063500
55.740   0.0279400
55.760   0.0463400
55.780   0.0359500
55.800   0.0146800
55.820   0.0093300
55.840   0.0023400
55.860   0.0016800
55.880   0.0213500
55.900   0.0272900
55.920   0.0457700
55.940   0.0716800
55.960   0.0670900
55.980   0.0614100
56.000   0.0431000
56.020   0.0376900
56.040   0.0276700
56.060   0.0316200
56.080   0.0339800
56.100   0.0332400
56.120   0.0206400
56.140   0.0048500
56.160   0.0242600
56.180   0.0363800
56.200   0.0433600
56.220   0.0477000
56.240   0.0291400
56.260   0.0141600
56.280   0.0092500
56.300   0.0294400
56.320   0.0545300
56.340   0.0369200
56.360   0.0216100
56.380   0.0007900
56.400  -0.0080200
56.420  -0.0010000
56.440   0.0037200
56.460   0.0021400
56.480  -0.0143300
56.500  -0.0221200
56.520  -0.0355000
56.540  -0.0511100
56.560  -0.0612500
56.580  -0.0701000
56.600  -0.0796000
56.620  -0.0783500
56.640  -0.0649500
56.660  -0.0545900
56.680  -0.0525100
56.700  -0.0513100
56.720  -0.0523600
56.740  -0.0511600
56.760  -0.0527400
56.780  -0.0443400
56.800  -0.0423500
56.820  -0.0544400
56.840  -0.0530200
56.860  -0.0545900
56.880  -0.0515000
56.900  -0.0563500
56.920  -0.0626900
56.940  -0.0543100
56.960  -0.0504500
56.980  -0.0517000
57.000  -0.0484600
57.020  -0.0361100
57.040  -0.0298500
57.060  -0.0282900
57.080  -0.0239300
57.100  -0.0177800
57.120  -0.0133600
57.140  -0.0075400
57.160  -0.0023100
57.180   0.0250700
57.200   0.0477400
57.220   0.0655300
57.240   0.0679900
57.260   0.0592800
57.280   0.0613800
57.300   0.0601000
57.320   0.0627200
57.340   0.0569400
57.360   0.0596500
57.380   0.0505100
57.400   0.0433200
57.420   0.0300900
57.440   0.0349100
57.460   0.0299900
57.480   0.0321800
57.500   0.0486000
57.520   0.0368400
57.540   0.0376800
57.560   0.0294000
57.580   0.0200300
57.600   0.0131700
57.620   0.0200600
57.640   0.0299300
57.660   0.0459600
57.680   0.0513100
57.700   0.0425000
57.720   0.0286300
57.740   0.0052500
57.760   0.0014200
57.780   0.0008900
57.800  -0.0048600
57.820  -0.0132500
57.840  -0.0213900
57.860  -0.0107900
57.880  -0.0079400
57.900  -0.0094100
57.920   0.0031900
57.940   0.0114800
57.960   0.0087400
57.980   0.0191000
58.000   0.0133900
58.020   0.0094200
58.040  -0.0061400
58.060  -0.0197800
58.080  -0.0185900
58.100  -0.0313600
58.120  -0.0415000
58.140  -0.0409600
58.160  -0.0238500
58.180  -0.0158800
58.200  -0.0225700
58.220  -0.0298200
58.240  -0.0307300
58.260  -0.0263200
58.280  -0.0243000
58.300  -0.0260000
58.320  -0.0181400
58.340  -0.0105200
58.360   0.0090400
58.380   0.0053700
58.400   0.0003900
58.420   0.0133900
58.440   0.0151100
58.460   0.0139300
58.480   0.0187900
58.500   0.0270800
58.520   0.0210700
58.540   0.0145600
58.560   0.0209600
58.580   0.0095000
58.600  -0.0029200
58.620  -0.0160600
58.640  -0.0106600
58.660  -0.0055000
58.680  -0.0199700
58.700  -0.0157000
58.720   0.0012600
58.740   0.0182200
58.760   0.0193300
58.780   0.0051400
58.800  -0.0002400
58.820   0.0021100
58.840   0.0162100
58.860   0.0050700
58.880  -0.0255800
58.900  -0.0169800
58.920  -0.0046600
58.940   0.0022700
58.960   0.0003900
58.980   0.0007900
59.000   0.0135700
59.020   0.0141100
59.040  -0.0079900
59.060  -0.0238200
59.080  -0.0092900
59.100   0.0007600
59.120  -0.0132800
59.140  -0.0268400
59.160  -0.0296100
59.180   0.0056300
59.200   0.0194100
59.220   0.0106500
59.240   0.0134200
59.260   0.0104300
59.280   0.0224100
59.300  -0.0001800
59.320  -0.0127800
59.340  -0.0045900
59.360  -0.0050900
59.380   0.0082800
59.400   0.0018300
59.420  -0.0165700
59.440  -0.0193200
59.460   0.0039900
59.480   0.0100100
59.500   0.0113800
59.520  -0.0084300
59.540  -0.0134700
59.560   0.0115500
59.580   0.0088200
59.600   0.0137000
59.620   0.0164100
59.640   0.0149900
59.660   0.0131700
59.680   0.0144700
59.700   0.0097300
59.720  -0.0073600
59.740   0.0056900
59.760   0.0112200
59.780   0.0109800
59.800   0.0041200
59.820  -0.0289000
59.840  -0.0426300
59.860  -0.0663700
59.880  -0.1107500
59.900  -0.1326600
59.920  -0.1425500
59.940  -0.0960600
59.960  -0.0214100
59.980   0.0111900
60.000   0.0251300
