 0.000  0.0000000000
 0.010  0.0005598500
 0.020  0.0015632000
 0.030  0.0026353000
 0.040  0.0023779000
 0.050  -0.0003053800
 0.060  -0.0048990000
 0.070  -0.0054415000
 0.080  0.0039811000
 0.090  0.0198780000
 0.100  0.0303720000
 0.110  0.0303310000
 0.120  0.0264450000
 0.130  0.0258760000
 0.140  0.0271490000
 0.150  0.0270100000
 0.160  0.0268800000
 0.170  0.0283380000
 0.180  0.0285660000
 0.190  0.0268840000
 0.200  0.0274670000
 0.210  0.0299510000
 0.220  0.0259110000
 0.230  0.0109210000
 0.240  -0.0076294000
 0.250  -0.0183440000
 0.260  -0.0171210000
 0.270  -0.0085675000
 0.280  -0.0001459500
 0.290  0.0048353000
 0.300  0.0084815000
 0.310  0.0126000000
 0.320  0.0145510000
 0.330  0.0108170000
 0.340  0.0032141000
 0.350  -0.0033856000
 0.360  -0.0071236000
 0.370  -0.0075908000
 0.380  -0.0032237000
 0.390  0.0044664000
 0.400  0.0087689000
 0.410  0.0072596000
 0.420  0.0031137000
 0.430  -0.0038507000
 0.440  -0.0179040000
 0.450  -0.0337110000
 0.460  -0.0387220000
 0.470  -0.0299800000
 0.480  -0.0174020000
 0.490  -0.0062515000
 0.500  0.0053801000
 0.510  0.0118330000
 0.520  0.0029806000
 0.530  -0.0128540000
 0.540  -0.0123070000
 0.550  0.0097473000
 0.560  0.0323530000
 0.570  0.0389700000
 0.580  0.0377680000
 0.590  0.0422710000
 0.600  0.0450580000
 0.610  0.0249590000
 0.620  -0.0186460000
 0.630  -0.0525200000
 0.640  -0.0440310000
 0.650  -0.0053440000
 0.660  0.0202090000
 0.670  0.0168300000
 0.680  0.0120560000
 0.690  0.0196820000
 0.700  0.0102940000
 0.710  -0.0354520000
 0.720  -0.0808920000
 0.730  -0.0795140000
 0.740  -0.0346170000
 0.750  0.0188190000
 0.760  0.0626660000
 0.770  0.0907800000
 0.780  0.0811460000
 0.790  0.0168730000
 0.800  -0.0734760000
 0.810  -0.1295600000
 0.820  -0.1206800000
 0.830  -0.0705170000
 0.840  -0.0223910000
 0.850  0.0103350000
 0.860  0.0447210000
 0.870  0.0831190000
 0.880  0.0934510000
 0.890  0.0555990000
 0.900  -0.0003525700
 0.910  -0.0378030000
 0.920  -0.0625060000
 0.930  -0.0897030000
 0.940  -0.0939300000
 0.950  -0.0510590000
 0.960  0.0039949000
 0.970  0.0216310000
 0.980  0.0116310000
 0.990  0.0102530000
 1.000  0.0072107000
 1.010  -0.0244720000
 1.020  -0.0575060000
 1.030  -0.0437880000
 1.040  0.0010814000
 1.050  0.0162080000
 1.060  -0.0151500000
 1.070  -0.0523300000
 1.080  -0.0593080000
 1.090  -0.0393750000
 1.100  -0.0149390000
 1.110  0.0029690000
 1.120  0.0264270000
 1.130  0.0660940000
 1.140  0.0888060000
 1.150  0.0403120000
 1.160  -0.0615280000
 1.170  -0.1114700000
 1.180  -0.0522120000
 1.190  0.0402220000
 1.200  0.0703140000
 1.210  0.0519460000
 1.220  0.0455540000
 1.230  0.0451460000
 1.240  0.0214930000
 1.250  0.0094824000
 1.260  0.0474510000
 1.270  0.0832270000
 1.280  0.0480230000
 1.290  -0.0278240000
 1.300  -0.0710880000
 1.310  -0.0836860000
 1.320  -0.1044700000
 1.330  -0.1077400000
 1.340  -0.0497920000
 1.350  0.0181860000
 1.360  -0.0014037000
 1.370  -0.0985270000
 1.380  -0.1565700000
 1.390  -0.1187900000
 1.400  -0.0518320000
 1.410  -0.0202050000
 1.420  0.0063422000
 1.430  0.0623240000
 1.440  0.0830480000
 1.450  -0.0143200000
 1.460  -0.1823500000
 1.470  -0.2735100000
 1.480  -0.2193800000
 1.490  -0.0948430000
 1.500  0.0050567000
 1.510  0.0739030000
 1.520  0.1416800000
 1.530  0.1834600000
 1.540  0.1480100000
 1.550  0.0481620000
 1.560  -0.0468360000
 1.570  -0.0991140000
 1.580  -0.1294200000
 1.590  -0.1538000000
 1.600  -0.1507700000
 1.610  -0.1102600000
 1.620  -0.0715230000
 1.630  -0.0668730000
 1.640  -0.0638430000
 1.650  -0.0153860000
 1.660  0.0482940000
 1.670  0.0454700000
 1.680  -0.0400230000
 1.690  -0.1160900000
 1.700  -0.0799720000
 1.710  0.0656720000
 1.720  0.2101000000
 1.730  0.2480300000
 1.740  0.1876400000
 1.750  0.1310000000
 1.760  0.1499300000
 1.770  0.2086300000
 1.780  0.2267500000
 1.790  0.1751900000
 1.800  0.0689860000
 1.810  -0.0804910000
 1.820  -0.2392300000
 1.830  -0.3187900000
 1.840  -0.2581400000
 1.850  -0.1114700000
 1.860  0.0048199000
 1.870  0.0324230000
 1.880  -0.0141070000
 1.890  -0.1022000000
 1.900  -0.1894800000
 1.910  -0.2142200000
 1.920  -0.1520400000
 1.930  -0.0610260000
 1.940  -0.0196740000
 1.950  -0.0314850000
 1.960  -0.0281670000
 1.970  0.0413690000
 1.980  0.1531900000
 1.990  0.2365200000
 2.000  0.2393700000
 2.010  0.1645900000
 2.020  0.0633490000
 2.030  0.0122790000
 2.040  0.0776380000
 2.050  0.2519500000
 2.060  0.4041800000
 2.070  0.3587400000
 2.080  0.0773550000
 2.090  -0.2759000000
 2.100  -0.5018000000
 2.110  -0.5450700000
 2.120  -0.4742100000
 2.130  -0.3641200000
 2.140  -0.2714200000
 2.150  -0.2521300000
 2.160  -0.3115500000
 2.170  -0.3593800000
 2.180  -0.2924600000
 2.190  -0.1148600000
 2.200  0.0740990000
 2.210  0.2111600000
 2.220  0.3356300000
 2.230  0.5107900000
 2.240  0.7151600000
 2.250  0.8603300000
 2.260  0.9174200000
 2.270  0.9573900000
 2.280  1.0258000000
 2.290  1.0402000000
 2.300  0.8878600000
 2.310  0.5751400000
 2.320  0.2133200000
 2.330  -0.1104100000
 2.340  -0.3695200000
 2.350  -0.5507600000
 2.360  -0.6446500000
 2.370  -0.6774900000
 2.380  -0.6958400000
 2.390  -0.7222800000
 2.400  -0.7329600000
 2.410  -0.6663500000
 2.420  -0.4664900000
 2.430  -0.1460900000
 2.440  0.2121100000
 2.450  0.5349500000
 2.460  0.8078500000
 2.470  1.0322000000
 2.480  1.1955000000
 2.490  1.3026000000
 2.500  1.3841000000
 2.510  1.4494000000
 2.520  1.4838000000
 2.530  1.4864000000
 2.540  1.4680000000
 2.550  1.4296000000
 2.560  1.3806000000
 2.570  1.3429000000
 2.580  1.2838000000
 2.590  1.0834000000
 2.600  0.6392500000
 2.610  -0.0259210000
 2.620  -0.7793400000
 2.630  -1.4728000000
 2.640  -1.9863000000
 2.650  -2.2760000000
 2.660  -2.4040000000
 2.670  -2.4899000000
 2.680  -2.5833000000
 2.690  -2.6403000000
 2.700  -2.6302000000
 2.710  -2.6012000000
 2.720  -2.5982000000
 2.730  -2.6006000000
 2.740  -2.5961000000
 2.750  -2.6259000000
 2.760  -2.6714000000
 2.770  -2.5664000000
 2.780  -2.1453000000
 2.790  -1.4600000000
 2.800  -0.7578900000
 2.810  -0.2324400000
 2.820  0.1170500000
 2.830  0.4009400000
 2.840  0.6932100000
 2.850  0.9870100000
 2.860  1.2319000000
 2.870  1.4002000000
 2.880  1.5110000000
 2.890  1.6020000000
 2.900  1.6950000000
 2.910  1.7994000000
 2.920  1.9200000000
 2.930  2.0482000000
 2.940  2.1649000000
 2.950  2.2515000000
 2.960  2.2550000000
 2.970  2.0568000000
 2.980  1.5801000000
 2.990  0.9445300000
 3.000  0.4058700000
 3.010  0.0972160000
 3.020  -0.0651480000
 3.030  -0.2081700000
 3.040  -0.3435300000
 3.050  -0.4325300000
 3.060  -0.4794300000
 3.070  -0.4889000000
 3.080  -0.4107500000
 3.090  -0.2025400000
 3.100  0.1079200000
 3.110  0.4554000000
 3.120  0.7739900000
 3.130  0.9970400000
 3.140  1.1073000000
 3.150  1.1893000000
 3.160  1.3234000000
 3.170  1.4035000000
 3.180  1.1988000000
 3.190  0.6539000000
 3.200  0.0019480000
 3.210  -0.4966000000
 3.220  -0.7975400000
 3.230  -0.9827300000
 3.240  -1.0873000000
 3.250  -1.1295000000
 3.260  -1.1911000000
 3.270  -1.3250000000
 3.280  -1.4765000000
 3.290  -1.5938000000
 3.300  -1.7186000000
 3.310  -1.8448000000
 3.320  -1.8116000000
 3.330  -1.4938000000
 3.340  -1.0174000000
 3.350  -0.6275300000
 3.360  -0.3951200000
 3.370  -0.2090900000
 3.380  0.0040040000
 3.390  0.2076800000
 3.400  0.3801700000
 3.410  0.5678800000
 3.420  0.8014700000
 3.430  1.0477000000
 3.440  1.2532000000
 3.450  1.3891000000
 3.460  1.4591000000
 3.470  1.5104000000
 3.480  1.6036000000
 3.490  1.7354000000
 3.500  1.8392000000
 3.510  1.8874000000
 3.520  1.9220000000
 3.530  1.9531000000
 3.540  1.9122000000
 3.550  1.7485000000
 3.560  1.4906000000
 3.570  1.1612000000
 3.580  0.7197800000
 3.590  0.1691600000
 3.600  -0.3560800000
 3.610  -0.6997900000
 3.620  -0.8394400000
 3.630  -0.8718300000
 3.640  -0.8899300000
 3.650  -0.9354300000
 3.660  -1.0127000000
 3.670  -1.0693000000
 3.680  -1.0087000000
 3.690  -0.8045500000
 3.700  -0.5614600000
 3.710  -0.3836600000
 3.720  -0.2350600000
 3.730  -0.0099561000
 3.740  0.2997700000
 3.750  0.5994400000
 3.760  0.8177700000
 3.770  0.9664900000
 3.780  1.0880000000
 3.790  1.2100000000
 3.800  1.3312000000
 3.810  1.4205000000
 3.820  1.4431000000
 3.830  1.3962000000
 3.840  1.2797000000
 3.850  1.0478000000
 3.860  0.6621400000
 3.870  0.1886100000
 3.880  -0.2381300000
 3.890  -0.5560300000
 3.900  -0.8056000000
 3.910  -1.0292000000
 3.920  -1.2220000000
 3.930  -1.3832000000
 3.940  -1.5399000000
 3.950  -1.6971000000
 3.960  -1.8265000000
 3.970  -1.9157000000
 3.980  -1.9959000000
 3.990  -2.1015000000
 4.000  -2.2347000000
 4.010  -2.3739000000
 4.020  -2.4931000000
 4.030  -2.5574000000
 4.040  -2.5141000000
 4.050  -2.3086000000
 4.060  -1.9372000000
 4.070  -1.4927000000
 4.080  -1.1246000000
 4.090  -0.9208400000
 4.100  -0.8504700000
 4.110  -0.8393800000
 4.120  -0.8570600000
 4.130  -0.8879500000
 4.140  -0.8691600000
 4.150  -0.7385900000
 4.160  -0.5220500000
 4.170  -0.3033200000
 4.180  -0.1081000000
 4.190  0.0934780000
 4.200  0.2945100000
 4.210  0.4410700000
 4.220  0.5369500000
 4.230  0.6517700000
 4.240  0.8105400000
 4.250  0.9410400000
 4.260  0.9700700000
 4.270  0.9009500000
 4.280  0.7717200000
 4.290  0.6009000000
 4.300  0.4101000000
 4.310  0.2500900000
 4.320  0.1573100000
 4.330  0.1151400000
 4.340  0.0800540000
 4.350  0.0333320000
 4.360  -0.0081299000
 4.370  -0.0165040000
 4.380  0.0177320000
 4.390  0.0830050000
 4.400  0.1723300000
 4.410  0.2954200000
 4.420  0.4499500000
 4.430  0.6006500000
 4.440  0.7218100000
 4.450  0.8324300000
 4.460  0.9502900000
 4.470  1.0270000000
 4.480  0.9860400000
 4.490  0.8110700000
 4.500  0.5665200000
 4.510  0.3410900000
 4.520  0.2053800000
 4.530  0.1960100000
 4.540  0.3018000000
 4.550  0.4668400000
 4.560  0.6262000000
 4.570  0.7390700000
 4.580  0.7972800000
 4.590  0.8236500000
 4.600  0.8438900000
 4.610  0.8239000000
 4.620  0.6617400000
 4.630  0.2951700000
 4.640  -0.1872700000
 4.650  -0.6072300000
 4.660  -0.8629800000
 4.670  -0.9933000000
 4.680  -1.0720000000
 4.690  -1.1237000000
 4.700  -1.1566000000
 4.710  -1.2038000000
 4.720  -1.2592000000
 4.730  -1.2205000000
 4.740  -0.9833900000
 4.750  -0.5895100000
 4.760  -0.2127500000
 4.770  0.0214450000
 4.780  0.1379200000
 4.790  0.2423700000
 4.800  0.4065200000
 4.810  0.6293900000
 4.820  0.8458100000
 4.830  0.9621000000
 4.840  0.9274900000
 4.850  0.7816100000
 4.860  0.6105600000
 4.870  0.4612300000
 4.880  0.3391500000
 4.890  0.2594300000
 4.900  0.2497600000
 4.910  0.3078900000
 4.920  0.4015700000
 4.930  0.4984900000
 4.940  0.5708700000
 4.950  0.5906100000
 4.960  0.5496800000
 4.970  0.4680400000
 4.980  0.3659100000
 4.990  0.2468900000
 5.000  0.1222400000
 5.010  0.0208740000
 5.020  -0.0385010000
 5.030  -0.0643250000
 5.040  -0.0696190000
 5.050  -0.0553670000
 5.060  -0.0254930000
 5.070  0.0055084000
 5.080  0.0329510000
 5.090  0.0779940000
 5.100  0.1678300000
 5.110  0.3042300000
 5.120  0.4564200000
 5.130  0.5843200000
 5.140  0.6663000000
 5.150  0.7012300000
 5.160  0.6834500000
 5.170  0.5922700000
 5.180  0.4183300000
 5.190  0.1899500000
 5.200  -0.0458790000
 5.210  -0.2565600000
 5.220  -0.4301700000
 5.230  -0.5602600000
 5.240  -0.6451000000
 5.250  -0.6831000000
 5.260  -0.6594500000
 5.270  -0.5530700000
 5.280  -0.3817300000
 5.290  -0.2138700000
 5.300  -0.1112900000
 5.310  -0.0681600000
 5.320  -0.0334740000
 5.330  0.0243840000
 5.340  0.0949940000
 5.350  0.1550300000
 5.360  0.1920000000
 5.370  0.2049300000
 5.380  0.2057000000
 5.390  0.2223900000
 5.400  0.2815800000
 5.410  0.3798400000
 5.420  0.4836800000
 5.430  0.5637700000
 5.440  0.6163500000
 5.450  0.6503400000
 5.460  0.6665000000
 5.470  0.6637900000
 5.480  0.6515600000
 5.490  0.6370400000
 5.500  0.6028300000
 5.510  0.5136700000
 5.520  0.3577600000
 5.530  0.1713900000
 5.540  0.0165710000
 5.550  -0.0727130000
 5.560  -0.1132500000
 5.570  -0.1417600000
 5.580  -0.1656200000
 5.590  -0.1633100000
 5.600  -0.1313000000
 5.610  -0.1091800000
 5.620  -0.1437300000
 5.630  -0.2440400000
 5.640  -0.3832300000
 5.650  -0.5302700000
 5.660  -0.6624300000
 5.670  -0.7612200000
 5.680  -0.8182500000
 5.690  -0.8439600000
 5.700  -0.8584300000
 5.710  -0.8734700000
 5.720  -0.8883200000
 5.730  -0.8988200000
 5.740  -0.9015800000
 5.750  -0.8896500000
 5.760  -0.8519700000
 5.770  -0.7856900000
 5.780  -0.7057900000
 5.790  -0.6370100000
 5.800  -0.5913300000
 5.810  -0.5603200000
 5.820  -0.5299500000
 5.830  -0.4925900000
 5.840  -0.4439600000
 5.850  -0.3807200000
 5.860  -0.3050500000
 5.870  -0.2154700000
 5.880  -0.0964520000
 5.890  0.0643150000
 5.900  0.2447200000
 5.910  0.4000400000
 5.920  0.5103800000
 5.930  0.5953300000
 5.940  0.6742400000
 5.950  0.7335500000
 5.960  0.7462400000
 5.970  0.7079700000
 5.980  0.6439800000
 5.990  0.5862400000
 6.000  0.5528100000
 6.010  0.5444700000
 6.020  0.5575600000
 6.030  0.5916600000
 6.040  0.6395900000
 6.050  0.6795200000
 6.060  0.6933300000
 6.070  0.6899700000
 6.080  0.6913000000
 6.090  0.6991000000
 6.100  0.6927000000
 6.110  0.6612500000
 6.120  0.6142800000
 6.130  0.5594600000
 6.140  0.4868600000
 6.150  0.3872600000
 6.160  0.2693100000
 6.170  0.1529300000
 6.180  0.0487280000
 6.190  -0.0442070000
 6.200  -0.1282200000
 6.210  -0.1978700000
 6.220  -0.2468900000
 6.230  -0.2771700000
 6.240  -0.3004900000
 6.250  -0.3288000000
 6.260  -0.3650100000
 6.270  -0.4023800000
 6.280  -0.4259600000
 6.290  -0.4152800000
 6.300  -0.3531700000
 6.310  -0.2452300000
 6.320  -0.1262400000
 6.330  -0.0415840000
 6.340  -0.0144140000
 6.350  -0.0332440000
 6.360  -0.0701030000
 6.370  -0.1100200000
 6.380  -0.1557900000
 6.390  -0.2090400000
 6.400  -0.2563600000
 6.410  -0.2817900000
 6.420  -0.2816300000
 6.430  -0.2623100000
 6.440  -0.2302600000
 6.450  -0.1947900000
 6.460  -0.1709900000
 6.470  -0.1702000000
 6.480  -0.1921900000
 6.490  -0.2327500000
 6.500  -0.2890900000
 6.510  -0.3516500000
 6.520  -0.4055900000
 6.530  -0.4484500000
 6.540  -0.4938500000
 6.550  -0.5476300000
 6.560  -0.5944700000
 6.570  -0.6178400000
 6.580  -0.6194600000
 6.590  -0.6080600000
 6.600  -0.5833400000
 6.610  -0.5442500000
 6.620  -0.4998800000
 6.630  -0.4565000000
 6.640  -0.4053700000
 6.650  -0.3367700000
 6.660  -0.2616900000
 6.670  -0.2037600000
 6.680  -0.1748800000
 6.690  -0.1671000000
 6.700  -0.1646500000
 6.710  -0.1526000000
 6.720  -0.1191700000
 6.730  -0.0634660000
 6.740  -0.0002740000
 6.750  0.0474970000
 6.760  0.0640390000
 6.770  0.0479050000
 6.780  0.0114580000
 6.790  -0.0287530000
 6.800  -0.0644330000
 6.810  -0.0949200000
 6.820  -0.1118300000
 6.830  -0.0982880000
 6.840  -0.0503530000
 6.850  0.0155840000
 6.860  0.0841930000
 6.870  0.1523600000
 6.880  0.2139900000
 6.890  0.2559400000
 6.900  0.2839600000
 6.910  0.3281300000
 6.920  0.4068300000
 6.930  0.5005200000
 6.940  0.5754900000
 6.950  0.6145900000
 6.960  0.6147600000
 6.970  0.5724800000
 6.980  0.4853200000
 6.990  0.3659600000
 7.000  0.2453300000
 7.010  0.1582600000
 7.020  0.1162000000
 7.030  0.0996360000
 7.040  0.0835720000
 7.050  0.0662280000
 7.060  0.0604090000
 7.070  0.0650550000
 7.080  0.0632680000
 7.090  0.0441310000
 7.100  0.0101980000
 7.110  -0.0326780000
 7.120  -0.0780930000
 7.130  -0.1157100000
 7.140  -0.1380500000
 7.150  -0.1474700000
 7.160  -0.1518800000
 7.170  -0.1586900000
 7.180  -0.1749600000
 7.190  -0.2041700000
 7.200  -0.2379200000
 7.210  -0.2575400000
 7.220  -0.2472000000
 7.230  -0.2035400000
 7.240  -0.1341400000
 7.250  -0.0522490000
 7.260  0.0288190000
 7.270  0.1011000000
 7.280  0.1602300000
 7.290  0.2011400000
 7.300  0.2222600000
 7.310  0.2315900000
 7.320  0.2368100000
 7.330  0.2336700000
 7.340  0.2161400000
 7.350  0.1939800000
 7.360  0.1841700000
 7.370  0.1870200000
 7.380  0.1878500000
 7.390  0.1813200000
 7.400  0.1749500000
 7.410  0.1688100000
 7.420  0.1524600000
 7.430  0.1258100000
 7.440  0.1034600000
 7.450  0.0959020000
 7.460  0.1007600000
 7.470  0.1109600000
 7.480  0.1173100000
 7.490  0.1060900000
 7.500  0.0701930000
 7.510  0.0165070000
 7.520  -0.0446310000
 7.530  -0.1117100000
 7.540  -0.1796000000
 7.550  -0.2314200000
 7.560  -0.2533000000
 7.570  -0.2478700000
 7.580  -0.2200900000
 7.590  -0.1665200000
 7.600  -0.0924490000
 7.610  -0.0241930000
 7.620  0.0123350000
 7.630  0.0178140000
 7.640  0.0101640000
 7.650  0.0002639000
 7.660  -0.0126090000
 7.670  -0.0305880000
 7.680  -0.0541440000
 7.690  -0.0804730000
 7.700  -0.0965540000
 7.710  -0.0821000000
 7.720  -0.0319120000
 7.730  0.0284370000
 7.740  0.0612030000
 7.750  0.0516440000
 7.760  0.0125350000
 7.770  -0.0406040000
 7.780  -0.1031600000
 7.790  -0.1663000000
 7.800  -0.2105000000
 7.810  -0.2250900000
 7.820  -0.2237600000
 7.830  -0.2244100000
 7.840  -0.2267600000
 7.850  -0.2227200000
 7.860  -0.2155200000
 7.870  -0.2083400000
 7.880  -0.1871000000
 7.890  -0.1362800000
 7.900  -0.0676930000
 7.910  -0.0120760000
 7.920  0.0148960000
 7.930  0.0243180000
 7.940  0.0345680000
 7.950  0.0532910000
 7.960  0.0767300000
 7.970  0.0978650000
 7.980  0.1135800000
 7.990  0.1234800000
 8.000  0.1235100000
 8.010  0.1095000000
 8.020  0.0940440000
 8.030  0.1057000000
 8.040  0.1575800000
 8.050  0.2280100000
 8.060  0.2862300000
 8.070  0.3244100000
 8.080  0.3518100000
 8.090  0.3720300000
 8.100  0.3821600000
 8.110  0.3835400000
 8.120  0.3779100000
 8.130  0.3588500000
 8.140  0.3199300000
 8.150  0.2667700000
 8.160  0.2150100000
 8.170  0.1817000000
 8.180  0.1801000000
 8.190  0.2124100000
 8.200  0.2643400000
 8.210  0.3134700000
 8.220  0.3444500000
 8.230  0.3535600000
 8.240  0.3433700000
 8.250  0.3212400000
 8.260  0.2968000000
 8.270  0.2734600000
 8.280  0.2458900000
 8.290  0.2135600000
 8.300  0.1875900000
 8.310  0.1772300000
 8.320  0.1771300000
 8.330  0.1743100000
 8.340  0.1578300000
 8.350  0.1164300000
 8.360  0.0437280000
 8.370  -0.0433210000
 8.380  -0.1076900000
 8.390  -0.1303600000
 8.400  -0.1319000000
 8.410  -0.1413900000
 8.420  -0.1608500000
 8.430  -0.1739500000
 8.440  -0.1755000000
 8.450  -0.1725500000
 8.460  -0.1677200000
 8.470  -0.1562400000
 8.480  -0.1380000000
 8.490  -0.1213000000
 8.500  -0.1182000000
 8.510  -0.1371300000
 8.520  -0.1746900000
 8.530  -0.2147400000
 8.540  -0.2416900000
 8.550  -0.2529900000
 8.560  -0.2553900000
 8.570  -0.2545800000
 8.580  -0.2526200000
 8.590  -0.2470300000
 8.600  -0.2302900000
 8.610  -0.1983400000
 8.620  -0.1633900000
 8.630  -0.1441500000
 8.640  -0.1451000000
 8.650  -0.1566500000
 8.660  -0.1746700000
 8.670  -0.2028700000
 8.680  -0.2379200000
 8.690  -0.2691500000
 8.700  -0.2916700000
 8.710  -0.3068600000
 8.720  -0.3120200000
 8.730  -0.3026900000
 8.740  -0.2801200000
 8.750  -0.2484800000
 8.760  -0.2123700000
 8.770  -0.1833600000
 8.780  -0.1759500000
 8.790  -0.1885500000
 8.800  -0.2012000000
 8.810  -0.1969800000
 8.820  -0.1742100000
 8.830  -0.1386700000
 8.840  -0.0983040000
 8.850  -0.0651250000
 8.860  -0.0440390000
 8.870  -0.0198050000
 8.880  0.0278970000
 8.890  0.0950490000
 8.900  0.1546100000
 8.910  0.1880100000
 8.920  0.1993800000
 8.930  0.1991800000
 8.940  0.1864200000
 8.950  0.1535200000
 8.960  0.1029100000
 8.970  0.0539140000
 8.980  0.0280650000
 8.990  0.0292380000
 9.000  0.0427940000
 9.010  0.0539550000
 9.020  0.0600940000
 9.030  0.0657320000
 9.040  0.0751460000
 9.050  0.0913570000
 9.060  0.1171600000
 9.070  0.1504200000
 9.080  0.1832800000
 9.090  0.2063000000
 9.100  0.2159500000
 9.110  0.2165700000
 9.120  0.2163600000
 9.130  0.2175900000
 9.140  0.2143200000
 9.150  0.2030100000
 9.160  0.1907500000
 9.170  0.1864800000
 9.180  0.1898700000
 9.190  0.1959100000
 9.200  0.2023600000
 9.210  0.2082200000
 9.220  0.2115800000
 9.230  0.2136000000
 9.240  0.2165100000
 9.250  0.2176200000
 9.260  0.2122900000
 9.270  0.2013000000
 9.280  0.1875100000
 9.290  0.1716600000
 9.300  0.1587600000
 9.310  0.1542800000
 9.320  0.1479700000
 9.330  0.1173500000
 9.340  0.0609270000
 9.350  0.0076663000
 9.360  -0.0186550000
 9.370  -0.0301010000
 9.380  -0.0531300000
 9.390  -0.0939970000
 9.400  -0.1380500000
 9.410  -0.1701000000
 9.420  -0.1845700000
 9.430  -0.1846100000
 9.440  -0.1769300000
 9.450  -0.1653600000
 9.460  -0.1526300000
 9.470  -0.1482700000
 9.480  -0.1622800000
 9.490  -0.1866100000
 9.500  -0.1995500000
 9.510  -0.1938600000
 9.520  -0.1845800000
 9.530  -0.1847300000
 9.540  -0.1909800000
 9.550  -0.1971900000
 9.560  -0.2037500000
 9.570  -0.2114200000
 9.580  -0.2184600000
 9.590  -0.2278500000
 9.600  -0.2420800000
 9.610  -0.2549600000
 9.620  -0.2584200000
 9.630  -0.2557900000
 9.640  -0.2560200000
 9.650  -0.2624200000
 9.660  -0.2723000000
 9.670  -0.2815500000
 9.680  -0.2841700000
 9.690  -0.2777100000
 9.700  -0.2693800000
 9.710  -0.2683900000
 9.720  -0.2722900000
 9.730  -0.2728300000
 9.740  -0.2703700000
 9.750  -0.2699500000
 9.760  -0.2681600000
 9.770  -0.2615900000
 9.780  -0.2584100000
 9.790  -0.2653400000
 9.800  -0.2734300000
 9.810  -0.2747000000
 9.820  -0.2781600000
 9.830  -0.2898400000
 9.840  -0.2917100000
 9.850  -0.2619100000
 9.860  -0.2064900000
 9.870  -0.1494800000
 9.880  -0.1045500000
 9.890  -0.0716240000
 9.900  -0.0490000000
 9.910  -0.0321080000
 9.920  -0.0151060000
 9.930  0.0004472600
 9.940  0.0109550000
 9.950  0.0272160000
 9.960  0.0624930000
 9.970  0.1093100000
 9.980  0.1498800000
 9.990  0.1884400000
10.000  0.2417800000
10.010  0.3030300000
10.020  0.3455300000
10.030  0.3637300000
10.040  0.3795900000
10.050  0.4080300000
10.060  0.4417400000
10.070  0.4707200000
10.080  0.4935800000
10.090  0.5090100000
10.100  0.5131300000
10.110  0.5074100000
10.120  0.4972500000
10.130  0.4855400000
10.140  0.4755500000
10.150  0.4734400000
10.160  0.4788800000
10.170  0.4814700000
10.180  0.4726200000
10.190  0.4535400000
10.200  0.4282100000
10.210  0.3977700000
10.220  0.3641700000
10.230  0.3310100000
10.240  0.2979600000
10.250  0.2628700000
10.260  0.2282400000
10.270  0.1996100000
10.280  0.1783600000
10.290  0.1651200000
10.300  0.1619700000
10.310  0.1644000000
10.320  0.1568900000
10.330  0.1307800000
10.340  0.0986080000
10.350  0.0774630000
10.360  0.0637890000
10.370  0.0410620000
10.380  0.0066405000
10.390  -0.0266050000
10.400  -0.0529830000
10.410  -0.0820660000
10.420  -0.1200500000
10.430  -0.1578300000
10.440  -0.1826100000
10.450  -0.1954100000
10.460  -0.2083700000
10.470  -0.2295800000
10.480  -0.2539300000
10.490  -0.2716100000
10.500  -0.2795300000
10.510  -0.2802100000
10.520  -0.2723300000
10.530  -0.2517500000
10.540  -0.2229900000
10.550  -0.1994400000
10.560  -0.1877600000
10.570  -0.1811800000
10.580  -0.1725100000
10.590  -0.1638000000
10.600  -0.1584900000
10.610  -0.1560100000
10.620  -0.1573500000
10.630  -0.1649300000
10.640  -0.1733500000
10.650  -0.1716300000
10.660  -0.1587100000
10.670  -0.1454400000
10.680  -0.1407200000
10.690  -0.1452700000
10.700  -0.1598500000
10.710  -0.1856600000
10.720  -0.2159400000
10.730  -0.2371900000
10.740  -0.2414500000
10.750  -0.2287900000
10.760  -0.1977000000
10.770  -0.1460300000
10.780  -0.0834630000
10.790  -0.0315990000
10.800  -0.0052298000
10.810  0.0005432600
10.820  0.0013662000
10.830  0.0060764000
10.840  0.0114780000
10.850  0.0124360000
10.860  0.0101300000
10.870  0.0085392000
10.880  0.0066581000
10.890  -0.0002480500
10.900  -0.0122910000
10.910  -0.0226800000
10.920  -0.0265320000
10.930  -0.0294010000
10.940  -0.0413750000
10.950  -0.0622400000
10.960  -0.0780320000
10.970  -0.0760680000
10.980  -0.0584330000
10.990  -0.0398560000
11.000  -0.0339610000
11.010  -0.0427030000
11.020  -0.0546790000
11.030  -0.0546510000
11.040  -0.0362540000
11.050  -0.0083079000
11.060  0.0139140000
11.070  0.0238720000
11.080  0.0259620000
11.090  0.0245310000
11.100  0.0190260000
11.110  0.0116720000
11.120  0.0094667000
11.130  0.0152260000
11.140  0.0246320000
11.150  0.0358940000
11.160  0.0541660000
11.170  0.0817430000
11.180  0.1106700000
11.190  0.1315800000
11.200  0.1427100000
11.210  0.1482300000
11.220  0.1509300000
11.230  0.1521000000
11.240  0.1517500000
11.250  0.1511300000
11.260  0.1562900000
11.270  0.1743400000
11.280  0.2033000000
11.290  0.2307200000
11.300  0.2479400000
11.310  0.2557600000
11.320  0.2566900000
11.330  0.2484600000
11.340  0.2325400000
11.350  0.2175100000
11.360  0.2108300000
11.370  0.2119400000
11.380  0.2153500000
11.390  0.2148700000
11.400  0.2085500000
11.410  0.2019400000
11.420  0.2011500000
11.430  0.1992900000
11.440  0.1823200000
11.450  0.1487000000
11.460  0.1115600000
11.470  0.0786310000
11.480  0.0461620000
11.490  0.0127300000
11.500  -0.0154190000
11.510  -0.0348270000
11.520  -0.0491280000
11.530  -0.0619460000
11.540  -0.0756710000
11.550  -0.0929580000
11.560  -0.1115400000
11.570  -0.1214600000
11.580  -0.1184300000
11.590  -0.1113800000
11.600  -0.1111200000
11.610  -0.1180700000
11.620  -0.1278800000
11.630  -0.1378200000
11.640  -0.1430700000
11.650  -0.1365900000
11.660  -0.1196600000
11.670  -0.1041700000
11.680  -0.0990160000
11.690  -0.1018900000
11.700  -0.1064500000
11.710  -0.1097900000
11.720  -0.1115200000
11.730  -0.1143600000
11.740  -0.1228700000
11.750  -0.1349800000
11.760  -0.1418600000
11.770  -0.1429900000
11.780  -0.1526000000
11.790  -0.1796100000
11.800  -0.2118600000
11.810  -0.2315600000
11.820  -0.2396700000
11.830  -0.2487100000
11.840  -0.2598500000
11.850  -0.2619500000
11.860  -0.2483600000
11.870  -0.2249900000
11.880  -0.2035100000
11.890  -0.1924800000
11.900  -0.1905800000
11.910  -0.1901200000
11.920  -0.1897200000
11.930  -0.1971600000
11.940  -0.2132000000
11.950  -0.2220600000
11.960  -0.2113200000
11.970  -0.1879700000
11.980  -0.1652100000
11.990  -0.1435700000
12.000  -0.1185300000
12.010  -0.0931840000
12.020  -0.0723030000
12.030  -0.0540860000
12.040  -0.0366930000
12.050  -0.0220750000
12.060  -0.0093056000
12.070  0.0025234000
12.080  0.0043853000
12.090  -0.0127340000
12.100  -0.0388650000
12.110  -0.0523090000
12.120  -0.0438590000
12.130  -0.0188290000
12.140  0.0194960000
12.150  0.0697260000
12.160  0.1220200000
12.170  0.1633300000
12.180  0.1915300000
12.190  0.2108500000
12.200  0.2222800000
12.210  0.2254400000
12.220  0.2247400000
12.230  0.2264900000
12.240  0.2355700000
12.250  0.2527200000
12.260  0.2701300000
12.270  0.2748000000
12.280  0.2662600000
12.290  0.2629700000
12.300  0.2788800000
12.310  0.3024300000
12.320  0.3129100000
12.330  0.3089000000
12.340  0.3051100000
12.350  0.3078900000
12.360  0.3092700000
12.370  0.3040200000
12.380  0.3009500000
12.390  0.3112300000
12.400  0.3314300000
12.410  0.3434300000
12.420  0.3347400000
12.430  0.3124400000
12.440  0.2920700000
12.450  0.2777700000
12.460  0.2618500000
12.470  0.2390000000
12.480  0.2117000000
12.490  0.1848100000
12.500  0.1608200000
12.510  0.1392500000
12.520  0.1153900000
12.530  0.0836680000
12.540  0.0448280000
12.550  0.0076358000
12.560  -0.0209350000
12.570  -0.0417450000
12.580  -0.0604200000
12.590  -0.0817100000
12.600  -0.1069700000
12.610  -0.1320200000
12.620  -0.1506000000
12.630  -0.1623700000
12.640  -0.1746000000
12.650  -0.1929000000
12.660  -0.2156900000
12.670  -0.2398600000
12.680  -0.2669900000
12.690  -0.2970900000
12.700  -0.3252500000
12.710  -0.3472600000
12.720  -0.3641200000
12.730  -0.3741000000
12.740  -0.3714300000
12.750  -0.3556800000
12.760  -0.3372500000
12.770  -0.3236100000
12.780  -0.3076600000
12.790  -0.2792800000
12.800  -0.2438400000
12.810  -0.2172300000
12.820  -0.2054800000
12.830  -0.1981200000
12.840  -0.1821300000
12.850  -0.1565200000
12.860  -0.1310100000
12.870  -0.1123000000
12.880  -0.0968310000
12.890  -0.0784340000
12.900  -0.0606140000
12.910  -0.0548720000
12.920  -0.0644110000
12.930  -0.0780340000
12.940  -0.0847530000
12.950  -0.0858560000
12.960  -0.0860360000
12.970  -0.0829770000
12.980  -0.0720110000
12.990  -0.0540190000
13.000  -0.0334880000
13.010  -0.0141010000
13.020  -0.0009891100
13.030  0.0003555000
13.040  -0.0100010000
13.050  -0.0246010000
13.060  -0.0363920000
13.070  -0.0411270000
13.080  -0.0359210000
13.090  -0.0203480000
13.100  0.0008154400
13.110  0.0236420000
13.120  0.0475550000
13.130  0.0704120000
13.140  0.0879100000
13.150  0.1007800000
13.160  0.1119100000
13.170  0.1178800000
13.180  0.1143400000
13.190  0.1067600000
13.200  0.1033700000
13.210  0.1015500000
13.220  0.0953150000
13.230  0.0891600000
13.240  0.0888320000
13.250  0.0854070000
13.260  0.0692000000
13.270  0.0509460000
13.280  0.0494290000
13.290  0.0637610000
13.300  0.0772450000
13.310  0.0825470000
13.320  0.0878740000
13.330  0.1012800000
13.340  0.1181700000
13.350  0.1255900000
13.360  0.1163700000
13.370  0.0983100000
13.380  0.0839810000
13.390  0.0734250000
13.400  0.0572710000
13.410  0.0384080000
13.420  0.0324580000
13.430  0.0420180000
13.440  0.0495300000
13.450  0.0440270000
13.460  0.0343660000
13.470  0.0299330000
13.480  0.0266880000
13.490  0.0201080000
13.500  0.0137900000
13.510  0.0089609000
13.520  0.0017509000
13.530  -0.0071235000
13.540  -0.0125230000
13.550  -0.0161170000
13.560  -0.0221170000
13.570  -0.0263980000
13.580  -0.0215250000
13.590  -0.0099974000
13.600  -0.0002515300
13.610  0.0051597000
13.620  0.0079132000
13.630  0.0059888000
13.640  -0.0006087200
13.650  -0.0050574000
13.660  -0.0016252000
13.670  0.0054241000
13.680  0.0116460000
13.690  0.0188060000
13.700  0.0291840000
13.710  0.0385550000
13.720  0.0433760000
13.730  0.0454040000
13.740  0.0473080000
13.750  0.0488200000
13.760  0.0521560000
13.770  0.0626100000
13.780  0.0781820000
13.790  0.0864830000
13.800  0.0787070000
13.810  0.0609030000
13.820  0.0455990000
13.830  0.0361560000
13.840  0.0271950000
13.850  0.0178310000
13.860  0.0150490000
13.870  0.0187360000
13.880  0.0158580000
13.890  -0.0037422000
13.900  -0.0311830000
13.910  -0.0501030000
13.920  -0.0573520000
13.930  -0.0635400000
13.940  -0.0733870000
13.950  -0.0796960000
13.960  -0.0753470000
13.970  -0.0642970000
13.980  -0.0544030000
13.990  -0.0481760000
14.000  -0.0419030000
14.010  -0.0340150000
14.020  -0.0272100000
14.030  -0.0250210000
14.040  -0.0251140000
14.050  -0.0221220000
14.060  -0.0151150000
14.070  -0.0101260000
14.080  -0.0098502000
14.090  -0.0079475000
14.100  0.0017970000
14.110  0.0137150000
14.120  0.0167760000
14.130  0.0096400000
14.140  0.0005434500
14.150  -0.0069993000
14.160  -0.0156660000
14.170  -0.0239100000
14.180  -0.0258860000
14.190  -0.0237780000
14.200  -0.0255230000
14.210  -0.0313330000
14.220  -0.0351160000
14.230  -0.0393730000
14.240  -0.0531310000
14.250  -0.0730910000
14.260  -0.0838370000
14.270  -0.0779710000
14.280  -0.0647250000
14.290  -0.0542800000
14.300  -0.0478480000
14.310  -0.0421720000
14.320  -0.0376200000
14.330  -0.0369510000
14.340  -0.0403270000
14.350  -0.0400970000
14.360  -0.0248690000
14.370  0.0052559000
14.380  0.0330300000
14.390  0.0443210000
14.400  0.0467350000
14.410  0.0533970000
14.420  0.0591960000
14.430  0.0518490000
14.440  0.0365750000
14.450  0.0292920000
14.460  0.0304500000
14.470  0.0274930000
14.480  0.0184140000
14.490  0.0138170000
14.500  0.0161060000
14.510  0.0168200000
14.520  0.0121830000
14.530  0.0072111000
14.540  0.0043611000
14.550  0.0017253000
14.560  0.0010812000
14.570  0.0095632000
14.580  0.0314130000
14.590  0.0633500000
14.600  0.0966430000
14.610  0.1227000000
14.620  0.1383800000
14.630  0.1482300000
14.640  0.1573900000
14.650  0.1651800000
14.660  0.1679900000
14.670  0.1662800000
14.680  0.1615500000
14.690  0.1536900000
14.700  0.1452100000
14.710  0.1413700000
14.720  0.1402800000
14.730  0.1303200000
14.740  0.1067800000
14.750  0.0813120000
14.760  0.0682210000
14.770  0.0659900000
14.780  0.0631850000
14.790  0.0548690000
14.800  0.0462770000
14.810  0.0426230000
14.820  0.0399930000
14.830  0.0288950000
14.840  0.0080058000
14.850  -0.0097995000
14.860  -0.0118800000
14.870  -0.0042821000
14.880  -0.0041483000
14.890  -0.0159070000
14.900  -0.0270550000
14.910  -0.0299450000
14.920  -0.0307060000
14.930  -0.0353230000
14.940  -0.0416600000
14.950  -0.0472820000
14.960  -0.0529800000
14.970  -0.0567120000
14.980  -0.0554900000
14.990  -0.0529910000
15.000  -0.0570960000
15.010  -0.0687850000
15.020  -0.0808310000
15.030  -0.0855100000
15.040  -0.0806140000
15.050  -0.0707370000
15.060  -0.0660050000
15.070  -0.0715400000
15.080  -0.0808400000
15.090  -0.0844300000
15.100  -0.0834310000
15.110  -0.0838400000
15.120  -0.0843100000
15.130  -0.0797550000
15.140  -0.0727900000
15.150  -0.0690570000
15.160  -0.0669110000
15.170  -0.0612940000
15.180  -0.0515610000
15.190  -0.0380290000
15.200  -0.0208230000
15.210  -0.0071704000
15.220  -0.0082389000
15.230  -0.0211320000
15.240  -0.0264190000
15.250  -0.0122940000
15.260  0.0115070000
15.270  0.0294840000
15.280  0.0381350000
15.290  0.0409050000
15.300  0.0378580000
15.310  0.0265420000
15.320  0.0089045000
15.330  -0.0075130000
15.340  -0.0145200000
15.350  -0.0116490000
15.360  -0.0097557000
15.370  -0.0206970000
15.380  -0.0412930000
15.390  -0.0568940000
15.400  -0.0603010000
15.410  -0.0582320000
15.420  -0.0582450000
15.430  -0.0610700000
15.440  -0.0652290000
15.450  -0.0712260000
15.460  -0.0781410000
15.470  -0.0831900000
15.480  -0.0854080000
15.490  -0.0850980000
15.500  -0.0813170000
15.510  -0.0747190000
15.520  -0.0700550000
15.530  -0.0703680000
15.540  -0.0720290000
15.550  -0.0696070000
15.560  -0.0620820000
15.570  -0.0532140000
15.580  -0.0473700000
15.590  -0.0485250000
15.600  -0.0577770000
15.610  -0.0722220000
15.620  -0.0869830000
15.630  -0.0999500000
15.640  -0.1102000000
15.650  -0.1149700000
15.660  -0.1136500000
15.670  -0.1114200000
15.680  -0.1125000000
15.690  -0.1141700000
15.700  -0.1143400000
15.710  -0.1200000000
15.720  -0.1359300000
15.730  -0.1513000000
15.740  -0.1486000000
15.750  -0.1272100000
15.760  -0.1023200000
15.770  -0.0827980000
15.780  -0.0622520000
15.790  -0.0342790000
15.800  -0.0055551000
15.810  0.0120680000
15.820  0.0154480000
15.830  0.0137650000
15.840  0.0165840000
15.850  0.0228980000
15.860  0.0224100000
15.870  0.0122690000
15.880  0.0034090000
15.890  0.0059266000
15.900  0.0135610000
15.910  0.0148430000
15.920  0.0104200000
15.930  0.0101430000
15.940  0.0163270000
15.950  0.0234330000
15.960  0.0299460000
15.970  0.0404780000
15.980  0.0544090000
15.990  0.0645400000
16.000  0.0680040000
16.010  0.0702330000
16.020  0.0767020000
16.030  0.0860580000
16.040  0.0933400000
16.050  0.0953130000
16.060  0.0949440000
16.070  0.0974600000
16.080  0.1047600000
16.090  0.1131800000
16.100  0.1199800000
16.110  0.1238500000
16.120  0.1218600000
16.130  0.1104500000
16.140  0.0943840000
16.150  0.0837700000
16.160  0.0813590000
16.170  0.0815060000
16.180  0.0846610000
16.190  0.0962270000
16.200  0.1099600000
16.210  0.1098100000
16.220  0.0957110000
16.230  0.0865790000
16.240  0.0927630000
16.250  0.1010600000
16.260  0.0959040000
16.270  0.0772440000
16.280  0.0546900000
16.290  0.0365680000
16.300  0.0277530000
16.310  0.0275640000
16.320  0.0311030000
16.330  0.0382560000
16.340  0.0529410000
16.350  0.0693320000
16.360  0.0730270000
16.370  0.0636120000
16.380  0.0571190000
16.390  0.0602690000
16.400  0.0615290000
16.410  0.0552310000
16.420  0.0519450000
16.430  0.0588180000
16.440  0.0672100000
16.450  0.0672960000
16.460  0.0591730000
16.470  0.0460000000
16.480  0.0291390000
16.490  0.0126280000
16.500  0.0018427000
16.510  -0.0016292000
16.520  0.0011756000
16.530  0.0080462000
16.540  0.0132320000
16.550  0.0123910000
16.560  0.0094958000
16.570  0.0109250000
16.580  0.0142070000
16.590  0.0138570000
16.600  0.0121470000
16.610  0.0123970000
16.620  0.0085662000
16.630  -0.0044340000
16.640  -0.0194320000
16.650  -0.0281470000
16.660  -0.0318330000
16.670  -0.0331230000
16.680  -0.0298950000
16.690  -0.0267640000
16.700  -0.0363500000
16.710  -0.0594850000
16.720  -0.0786280000
16.730  -0.0802000000
16.740  -0.0707590000
16.750  -0.0629270000
16.760  -0.0592760000
16.770  -0.0547460000
16.780  -0.0469510000
16.790  -0.0392100000
16.800  -0.0351740000
16.810  -0.0325390000
16.820  -0.0232190000
16.830  -0.0067311000
16.840  0.0042240000
16.850  -0.0013395000
16.860  -0.0151640000
16.870  -0.0234760000
16.880  -0.0278460000
16.890  -0.0388450000
16.900  -0.0536400000
16.910  -0.0595170000
16.920  -0.0521120000
16.930  -0.0364670000
16.940  -0.0139360000
16.950  0.0156010000
16.960  0.0442360000
16.970  0.0608260000
16.980  0.0626280000
16.990  0.0538360000
17.000  0.0385360000
17.010  0.0218950000
17.020  0.0111830000
17.030  0.0088063000
17.040  0.0096315000
17.050  0.0094813000
17.060  0.0093576000
17.070  0.0101350000
17.080  0.0098593000
17.090  0.0079684000
17.100  0.0052204000
17.110  0.0015175000
17.120  -0.0028930000
17.130  -0.0061866000
17.140  -0.0104610000
17.150  -0.0192740000
17.160  -0.0298760000
17.170  -0.0350550000
17.180  -0.0372600000
17.190  -0.0468690000
17.200  -0.0644170000
17.210  -0.0770020000
17.220  -0.0780650000
17.230  -0.0771070000
17.240  -0.0826810000
17.250  -0.0904230000
17.260  -0.0921310000
17.270  -0.0871350000
17.280  -0.0795420000
17.290  -0.0720340000
17.300  -0.0637010000
17.310  -0.0506290000
17.320  -0.0306310000
17.330  -0.0097192000
17.340  0.0020484000
17.350  0.0037063000
17.360  0.0044222000
17.370  0.0091989000
17.380  0.0132290000
17.390  0.0102500000
17.400  0.0000459890
17.410  -0.0145960000
17.420  -0.0307740000
17.430  -0.0450680000
17.440  -0.0538750000
17.450  -0.0571760000
17.460  -0.0577790000
17.470  -0.0579170000
17.480  -0.0584570000
17.490  -0.0587990000
17.500  -0.0560500000
17.510  -0.0475090000
17.520  -0.0343430000
17.530  -0.0195150000
17.540  -0.0052538000
17.550  0.0049610000
17.560  0.0055028000
17.570  -0.0042856000
17.580  -0.0149080000
17.590  -0.0151470000
17.600  -0.0039413000
17.610  0.0114720000
17.620  0.0248030000
17.630  0.0318420000
17.640  0.0279000000
17.650  0.0123910000
17.660  -0.0082697000
17.670  -0.0275370000
17.680  -0.0450760000
17.690  -0.0578430000
17.700  -0.0527090000
17.710  -0.0188550000
17.720  0.0329830000
17.730  0.0764060000
17.740  0.0951910000
17.750  0.0957150000
17.760  0.0912390000
17.770  0.0842080000
17.780  0.0721880000
17.790  0.0629580000
17.800  0.0695630000
17.810  0.0899990000
17.820  0.1057600000
17.830  0.1054400000
17.840  0.0977430000
17.850  0.0945170000
17.860  0.0929440000
17.870  0.0830010000
17.880  0.0637070000
17.890  0.0435110000
17.900  0.0309310000
17.910  0.0287400000
17.920  0.0336410000
17.930  0.0386020000
17.940  0.0408660000
17.950  0.0441380000
17.960  0.0505310000
17.970  0.0559380000
17.980  0.0595610000
17.990  0.0671340000
18.000  0.0809420000
18.010  0.0956140000
18.020  0.1085800000
18.030  0.1231100000
18.040  0.1381000000
18.050  0.1481100000
18.060  0.1542500000
18.070  0.1617800000
18.080  0.1661100000
18.090  0.1577500000
18.100  0.1370200000
18.110  0.1110600000
18.120  0.0808810000
18.130  0.0456050000
18.140  0.0111720000
18.150  -0.0169820000
18.160  -0.0414850000
18.170  -0.0608580000
18.180  -0.0620600000
18.190  -0.0385460000
18.200  -0.0063715000
18.210  0.0141370000
18.220  0.0235130000
18.230  0.0353870000
18.240  0.0517100000
18.250  0.0618060000
18.260  0.0628860000
18.270  0.0652090000
18.280  0.0757260000
18.290  0.0840950000
18.300  0.0742130000
18.310  0.0439900000
18.320  0.0075234000
18.330  -0.0221630000
18.340  -0.0422950000
18.350  -0.0548640000
18.360  -0.0596550000
18.370  -0.0565870000
18.380  -0.0483730000
18.390  -0.0394840000
18.400  -0.0326110000
18.410  -0.0290010000
18.420  -0.0279520000
18.430  -0.0287110000
18.440  -0.0322250000
18.450  -0.0411280000
18.460  -0.0547890000
18.470  -0.0689780000
18.480  -0.0810210000
18.490  -0.0924230000
18.500  -0.1036300000
18.510  -0.1118300000
18.520  -0.1162700000
18.530  -0.1211900000
18.540  -0.1304000000
18.550  -0.1443000000
18.560  -0.1619600000
18.570  -0.1816600000
18.580  -0.1993500000
18.590  -0.2115700000
18.600  -0.2193500000
18.610  -0.2244500000
18.620  -0.2256800000
18.630  -0.2222400000
18.640  -0.2185800000
18.650  -0.2164200000
18.660  -0.2083100000
18.670  -0.1858600000
18.680  -0.1545000000
18.690  -0.1285200000
18.700  -0.1157000000
18.710  -0.1128800000
18.720  -0.1144100000
18.730  -0.1163000000
18.740  -0.1167500000
18.750  -0.1151400000
18.760  -0.1085600000
18.770  -0.0900110000
18.780  -0.0593750000
18.790  -0.0325890000
18.800  -0.0275460000
18.810  -0.0409700000
18.820  -0.0530840000
18.830  -0.0551570000
18.840  -0.0564640000
18.850  -0.0636960000
18.860  -0.0701210000
18.870  -0.0700970000
18.880  -0.0688020000
18.890  -0.0711140000
18.900  -0.0736220000
18.910  -0.0719320000
18.920  -0.0666490000
18.930  -0.0575110000
18.940  -0.0418420000
18.950  -0.0202300000
18.960  0.0014693000
18.970  0.0188270000
18.980  0.0313150000
18.990  0.0388370000
19.000  0.0413390000
19.010  0.0424480000
19.020  0.0470020000
19.030  0.0561780000
19.040  0.0687100000
19.050  0.0835850000
19.060  0.0984890000
19.070  0.1100800000
19.080  0.1185500000
19.090  0.1264000000
19.100  0.1339000000
19.110  0.1406600000
19.120  0.1498500000
19.130  0.1625000000
19.140  0.1716000000
19.150  0.1710400000
19.160  0.1668600000
19.170  0.1687300000
19.180  0.1745000000
19.190  0.1740600000
19.200  0.1652100000
19.210  0.1551800000
19.220  0.1510500000
19.230  0.1533300000
19.240  0.1581000000
19.250  0.1604800000
19.260  0.1595300000
19.270  0.1583100000
19.280  0.1566900000
19.290  0.1489800000
19.300  0.1347000000
19.310  0.1238000000
19.320  0.1225900000
19.330  0.1261200000
19.340  0.1281500000
19.350  0.1295100000
19.360  0.1287300000
19.370  0.1177400000
19.380  0.0930930000
19.390  0.0634840000
19.400  0.0383570000
19.410  0.0180920000
19.420  0.0002956500
19.430  -0.0139110000
19.440  -0.0236710000
19.450  -0.0308430000
19.460  -0.0372300000
19.470  -0.0428510000
19.480  -0.0469630000
19.490  -0.0469370000
19.500  -0.0418790000
19.510  -0.0352390000
19.520  -0.0307950000
19.530  -0.0258620000
19.540  -0.0168950000
19.550  -0.0055817000
19.560  0.0051763000
19.570  0.0174590000
19.580  0.0311400000
19.590  0.0396170000
19.600  0.0398860000
19.610  0.0376810000
19.620  0.0343720000
19.630  0.0208290000
19.640  -0.0045811000
19.650  -0.0272050000
19.660  -0.0334480000
19.670  -0.0283280000
19.680  -0.0249110000
19.690  -0.0286060000
19.700  -0.0356210000
19.710  -0.0417190000
19.720  -0.0470180000
19.730  -0.0549680000
19.740  -0.0654810000
19.750  -0.0708020000
19.760  -0.0655080000
19.770  -0.0582650000
19.780  -0.0624830000
19.790  -0.0748730000
19.800  -0.0802490000
19.810  -0.0752250000
19.820  -0.0719600000
19.830  -0.0764350000
19.840  -0.0824450000
19.850  -0.0855240000
19.860  -0.0893550000
19.870  -0.0952850000
19.880  -0.0992950000
19.890  -0.0987730000
19.900  -0.0940960000
19.910  -0.0845520000
19.920  -0.0702270000
19.930  -0.0542930000
19.940  -0.0404450000
19.950  -0.0307730000
19.960  -0.0268600000
19.970  -0.0272780000
19.980  -0.0262620000
19.990  -0.0205250000
20.000  -0.0147850000
20.010  -0.0140840000
20.020  -0.0151790000
20.030  -0.0140650000
20.040  -0.0145980000
20.050  -0.0207410000
20.060  -0.0270450000
20.070  -0.0274670000
20.080  -0.0247000000
20.090  -0.0218570000
20.100  -0.0146000000
20.110  -0.0012698000
20.120  0.0089173000
20.130  0.0095905000
20.140  0.0094306000
20.150  0.0189770000
20.160  0.0321480000
20.170  0.0341070000
20.180  0.0217440000
20.190  0.0054668000
20.200  -0.0055289000
20.210  -0.0123840000
20.220  -0.0213390000
20.230  -0.0340920000
20.240  -0.0441280000
20.250  -0.0452470000
20.260  -0.0417430000
20.270  -0.0442010000
20.280  -0.0527550000
20.290  -0.0546870000
20.300  -0.0432370000
20.310  -0.0277340000
20.320  -0.0192550000
20.330  -0.0164050000
20.340  -0.0123810000
20.350  -0.0066985000
20.360  -0.0024041000
20.370  0.0022239000
20.380  0.0115720000
20.390  0.0254930000
20.400  0.0407250000
20.410  0.0546770000
20.420  0.0657360000
20.430  0.0722800000
20.440  0.0743990000
20.450  0.0734590000
20.460  0.0710600000
20.470  0.0685570000
20.480  0.0669300000
20.490  0.0655560000
20.500  0.0624550000
20.510  0.0562800000
20.520  0.0469850000
20.530  0.0353270000
20.540  0.0233200000
20.550  0.0146710000
20.560  0.0100950000
20.570  0.0056251000
20.580  -0.0012855000
20.590  -0.0068223000
20.600  -0.0083811000
20.610  -0.0107890000
20.620  -0.0179620000
20.630  -0.0221880000
20.640  -0.0132240000
20.650  0.0054146000
20.660  0.0183730000
20.670  0.0186020000
20.680  0.0134500000
20.690  0.0126490000
20.700  0.0151960000
20.710  0.0141620000
20.720  0.0074352000
20.730  0.0021623000
20.740  0.0047994000
20.750  0.0114110000
20.760  0.0115140000
20.770  0.0033245000
20.780  -0.0031149000
20.790  -0.0006590800
20.800  0.0056158000
20.810  0.0075448000
20.820  0.0046141000
20.830  -0.0004590400
20.840  -0.0072122000
20.850  -0.0143460000
20.860  -0.0166680000
20.870  -0.0119330000
20.880  -0.0032105000
20.890  0.0066653000
20.900  0.0177180000
20.910  0.0275810000
20.920  0.0327230000
20.930  0.0339550000
20.940  0.0345590000
20.950  0.0330070000
20.960  0.0256980000
20.970  0.0142660000
20.980  0.0044837000
20.990  -0.0008905900
21.000  -0.0020907000
21.010  0.0000518540
21.020  0.0034537000
21.030  0.0056658000
21.040  0.0074288000
21.050  0.0095764000
21.060  0.0083656000
21.070  0.0019854000
21.080  -0.0029305000
21.090  0.0000797930
21.100  0.0048353000
21.110  0.0021030000
21.120  -0.0037252000
21.130  -0.0007808900
21.140  0.0091043000
21.150  0.0123790000
21.160  0.0046398000
21.170  -0.0029872000
21.180  -0.0006506200
21.190  0.0087084000
21.200  0.0167540000
21.210  0.0235620000
21.220  0.0372960000
21.230  0.0599580000
21.240  0.0774030000
21.250  0.0725650000
21.260  0.0492320000
21.270  0.0297100000
21.280  0.0256350000
21.290  0.0259910000
21.300  0.0195930000
21.310  0.0120350000
21.320  0.0115240000
21.330  0.0131710000
21.340  0.0086023000
21.350  -0.0006981900
21.360  -0.0098401000
21.370  -0.0188400000
21.380  -0.0268030000
21.390  -0.0300300000
21.400  -0.0314720000
21.410  -0.0401980000
21.420  -0.0577940000
21.430  -0.0768620000
21.440  -0.0926070000
21.450  -0.1056400000
21.460  -0.1131300000
21.470  -0.1098300000
21.480  -0.0983550000
21.490  -0.0876370000
21.500  -0.0813780000
21.510  -0.0755570000
21.520  -0.0681710000
21.530  -0.0604660000
21.540  -0.0537040000
21.550  -0.0466540000
21.560  -0.0390560000
21.570  -0.0318630000
21.580  -0.0290760000
21.590  -0.0348550000
21.600  -0.0468180000
21.610  -0.0534290000
21.620  -0.0448640000
21.630  -0.0242340000
21.640  -0.0029575000
21.650  0.0113320000
21.660  0.0183200000
21.670  0.0218260000
21.680  0.0261940000
21.690  0.0322360000
21.700  0.0358550000
21.710  0.0357750000
21.720  0.0375350000
21.730  0.0431810000
21.740  0.0428660000
21.750  0.0287300000
21.760  0.0095637000
21.770  -0.0005572600
21.780  -0.0014971000
21.790  -0.0016512000
21.800  -0.0031118000
21.810  -0.0026787000
21.820  -0.0017816000
21.830  -0.0037981000
21.840  -0.0075386000
21.850  -0.0098315000
21.860  -0.0117050000
21.870  -0.0154690000
21.880  -0.0208230000
21.890  -0.0260640000
21.900  -0.0291780000
21.910  -0.0272130000
21.920  -0.0198590000
21.930  -0.0105030000
21.940  -0.0004896600
21.950  0.0114900000
21.960  0.0224000000
21.970  0.0265920000
21.980  0.0265040000
21.990  0.0315010000
22.000  0.0428600000
22.010  0.0517410000
22.020  0.0535920000
22.030  0.0531590000
22.040  0.0521310000
22.050  0.0481180000
22.060  0.0456440000
22.070  0.0510700000
22.080  0.0562590000
22.090  0.0467740000
22.100  0.0270950000
22.110  0.0175480000
22.120  0.0249920000
22.130  0.0353770000
22.140  0.0391460000
22.150  0.0421620000
22.160  0.0492880000
22.170  0.0544610000
22.180  0.0528490000
22.190  0.0478480000
22.200  0.0451750000
22.210  0.0491360000
22.220  0.0609660000
22.230  0.0735650000
22.240  0.0741440000
22.250  0.0620370000
22.260  0.0515660000
22.270  0.0521510000
22.280  0.0560620000
22.290  0.0534760000
22.300  0.0457410000
22.310  0.0380930000
22.320  0.0312110000
22.330  0.0255080000
22.340  0.0235920000
22.350  0.0245180000
22.360  0.0249460000
22.370  0.0247400000
22.380  0.0238190000
22.390  0.0182360000
22.400  0.0073337000
22.410  -0.0021539000
22.420  -0.0062248000
22.430  -0.0101420000
22.440  -0.0185750000
22.450  -0.0274580000
22.460  -0.0313240000
22.470  -0.0312720000
22.480  -0.0301480000
22.490  -0.0281700000
22.500  -0.0258610000
22.510  -0.0257740000
22.520  -0.0287470000
22.530  -0.0319470000
22.540  -0.0299210000
22.550  -0.0183670000
22.560  -0.0012674000
22.570  0.0098348000
22.580  0.0093804000
22.590  0.0070133000
22.600  0.0128790000
22.610  0.0212300000
22.620  0.0190860000
22.630  0.0057515000
22.640  -0.0097984000
22.650  -0.0240800000
22.660  -0.0399660000
22.670  -0.0580380000
22.680  -0.0759700000
22.690  -0.0911940000
22.700  -0.0987120000
22.710  -0.0972030000
22.720  -0.0965770000
22.730  -0.1078500000
22.740  -0.1236200000
22.750  -0.1269200000
22.760  -0.1147200000
22.770  -0.0992280000
22.780  -0.0865190000
22.790  -0.0726890000
22.800  -0.0577940000
22.810  -0.0478060000
22.820  -0.0428810000
22.830  -0.0382120000
22.840  -0.0344420000
22.850  -0.0352090000
22.860  -0.0388400000
22.870  -0.0419840000
22.880  -0.0457980000
22.890  -0.0520930000
22.900  -0.0593800000
22.910  -0.0658870000
22.920  -0.0710870000
22.930  -0.0737240000
22.940  -0.0729140000
22.950  -0.0695220000
22.960  -0.0623640000
22.970  -0.0486070000
22.980  -0.0306890000
22.990  -0.0167380000
23.000  -0.0086406000
23.010  -0.0001859800
23.020  0.0110050000
23.030  0.0206360000
23.040  0.0280410000
23.050  0.0362820000
23.060  0.0404680000
23.070  0.0326280000
23.080  0.0165540000
23.090  0.0051263000
23.100  0.0005145000
23.110  -0.0074730000
23.120  -0.0227530000
23.130  -0.0354570000
23.140  -0.0355010000
23.150  -0.0263820000
23.160  -0.0182630000
23.170  -0.0143300000
23.180  -0.0063651000
23.190  0.0115850000
23.200  0.0321250000
23.210  0.0412280000
23.220  0.0374250000
23.230  0.0329600000
23.240  0.0355330000
23.250  0.0397860000
23.260  0.0400740000
23.270  0.0386310000
23.280  0.0373020000
23.290  0.0331210000
23.300  0.0267180000
23.310  0.0236980000
23.320  0.0243990000
23.330  0.0220550000
23.340  0.0156410000
23.350  0.0129100000
23.360  0.0178190000
23.370  0.0250970000
23.380  0.0315300000
23.390  0.0410470000
23.400  0.0551270000
23.410  0.0683150000
23.420  0.0769250000
23.430  0.0835710000
23.440  0.0896040000
23.450  0.0918950000
23.460  0.0895720000
23.470  0.0861560000
23.480  0.0826800000
23.490  0.0772130000
23.500  0.0698890000
23.510  0.0619560000
23.520  0.0527290000
23.530  0.0441010000
23.540  0.0411250000
23.550  0.0419580000
23.560  0.0364210000
23.570  0.0227720000
23.580  0.0155610000
23.590  0.0259810000
23.600  0.0448600000
23.610  0.0559440000
23.620  0.0564280000
23.630  0.0546070000
23.640  0.0551640000
23.650  0.0555370000
23.660  0.0518690000
23.670  0.0443690000
23.680  0.0379980000
23.690  0.0363210000
23.700  0.0346720000
23.710  0.0254360000
23.720  0.0109170000
23.730  0.0014949000
23.740  -0.0000660560
23.750  -0.0018510000
23.760  -0.0088040000
23.770  -0.0158870000
23.780  -0.0177730000
23.790  -0.0148930000
23.800  -0.0093120000
23.810  -0.0031788000
23.820  -0.0003075100
23.830  -0.0015837000
23.840  -0.0026315000
23.850  -0.0013813000
23.860  -0.0011746000
23.870  -0.0024053000
23.880  -0.0005556900
23.890  0.0038732000
23.900  0.0045706000
23.910  0.0011610000
23.920  -0.0008366800
23.930  -0.0020882000
23.940  -0.0085089000
23.950  -0.0191120000
23.960  -0.0282250000
23.970  -0.0353760000
23.980  -0.0420480000
23.990  -0.0440140000
24.000  -0.0392130000
24.010  -0.0339450000
24.020  -0.0315570000
24.030  -0.0263170000
24.040  -0.0187130000
24.050  -0.0197010000
24.060  -0.0295110000
24.070  -0.0321000000
24.080  -0.0207450000
24.090  -0.0097474000
24.100  -0.0106410000
24.110  -0.0165430000
24.120  -0.0179360000
24.130  -0.0174610000
24.140  -0.0206810000
24.150  -0.0247840000
24.160  -0.0241670000
24.170  -0.0179880000
24.180  -0.0102740000
24.190  -0.0063508000
24.200  -0.0083588000
24.210  -0.0109830000
24.220  -0.0083872000
24.230  -0.0045263000
24.240  -0.0074780000
24.250  -0.0165450000
24.260  -0.0248020000
24.270  -0.0308640000
24.280  -0.0378960000
24.290  -0.0449980000
24.300  -0.0494040000
24.310  -0.0526260000
24.320  -0.0563060000
24.330  -0.0569190000
24.340  -0.0526660000
24.350  -0.0489430000
24.360  -0.0511190000
24.370  -0.0575900000
24.380  -0.0636970000
24.390  -0.0676030000
24.400  -0.0701070000
24.410  -0.0715740000
24.420  -0.0707410000
24.430  -0.0655990000
24.440  -0.0562140000
24.450  -0.0446000000
24.460  -0.0315540000
24.470  -0.0164840000
24.480  -0.0014380000
24.490  0.0112720000
24.500  0.0240190000
24.510  0.0388480000
24.520  0.0482240000
24.530  0.0442560000
24.540  0.0348320000
24.550  0.0360070000
24.560  0.0476860000
24.570  0.0539380000
24.580  0.0465390000
24.590  0.0329180000
24.600  0.0222110000
24.610  0.0158300000
24.620  0.0105860000
24.630  0.0037018000
24.640  -0.0038599000
24.650  -0.0047303000
24.660  0.0052537000
24.670  0.0173870000
24.680  0.0197730000
24.690  0.0175540000
24.700  0.0236170000
24.710  0.0361300000
24.720  0.0420610000
24.730  0.0395410000
24.740  0.0364730000
24.750  0.0336970000
24.760  0.0263550000
24.770  0.0167190000
24.780  0.0102040000
24.790  0.0045592000
24.800  -0.0035967000
24.810  -0.0096353000
24.820  -0.0098933000
24.830  -0.0104270000
24.840  -0.0162170000
24.850  -0.0227890000
24.860  -0.0258380000
24.870  -0.0282600000
24.880  -0.0312900000
24.890  -0.0310360000
24.900  -0.0271320000
24.910  -0.0241780000
24.920  -0.0227410000
24.930  -0.0191250000
24.940  -0.0143150000
24.950  -0.0121660000
24.960  -0.0111680000
24.970  -0.0076587000
24.980  -0.0044827000
24.990  -0.0042524000
25.000  -0.0014529000
25.010  0.0075164000
25.020  0.0133530000
25.030  0.0075597000
25.040  -0.0020424000
25.050  -0.0015362000
25.060  0.0084867000
25.070  0.0157290000
25.080  0.0127140000
25.090  0.0020557000
25.100  -0.0104940000
25.110  -0.0210540000
25.120  -0.0301900000
25.130  -0.0412240000
25.140  -0.0528580000
25.150  -0.0571670000
25.160  -0.0529410000
25.170  -0.0516530000
25.180  -0.0616240000
25.190  -0.0727160000
25.200  -0.0719960000
25.210  -0.0623570000
25.220  -0.0552080000
25.230  -0.0520720000
25.240  -0.0484300000
25.250  -0.0440410000
25.260  -0.0408030000
25.270  -0.0359760000
25.280  -0.0279810000
25.290  -0.0197400000
25.300  -0.0138410000
25.310  -0.0079175000
25.320  -0.0012428000
25.330  0.0046175000
25.340  0.0099339000
25.350  0.0164730000
25.360  0.0222970000
25.370  0.0266810000
25.380  0.0352470000
25.390  0.0515160000
25.400  0.0682700000
25.410  0.0764140000
25.420  0.0783690000
25.430  0.0821210000
25.440  0.0876750000
25.450  0.0886300000
25.460  0.0844850000
25.470  0.0803600000
25.480  0.0786580000
25.490  0.0770310000
25.500  0.0736190000
25.510  0.0671080000
25.520  0.0564980000
25.530  0.0441990000
25.540  0.0372550000
25.550  0.0374970000
25.560  0.0362950000
25.570  0.0253340000
25.580  0.0107970000
25.590  0.0055614000
25.600  0.0104020000
25.610  0.0139720000
25.620  0.0139850000
25.630  0.0235630000
25.640  0.0489230000
25.650  0.0731350000
25.660  0.0771650000
25.670  0.0675810000
25.680  0.0653100000
25.690  0.0744070000
25.700  0.0809290000
25.710  0.0786880000
25.720  0.0762700000
25.730  0.0792430000
25.740  0.0821110000
25.750  0.0800630000
25.760  0.0756630000
25.770  0.0713710000
25.780  0.0664250000
25.790  0.0613720000
25.800  0.0568460000
25.810  0.0496660000
25.820  0.0374360000
25.830  0.0243820000
25.840  0.0157660000
25.850  0.0108910000
25.860  0.0062394000
25.870  0.0011670000
25.880  -0.0034373000
25.890  -0.0082395000
25.900  -0.0134610000
25.910  -0.0174480000
25.920  -0.0193660000
25.930  -0.0210530000
25.940  -0.0250390000
25.950  -0.0323310000
25.960  -0.0408110000
25.970  -0.0462090000
25.980  -0.0475910000
25.990  -0.0518620000
26.000  -0.0653550000
26.010  -0.0813960000
26.020  -0.0852540000
26.030  -0.0733220000
26.040  -0.0576120000
26.050  -0.0480950000
26.060  -0.0420340000
26.070  -0.0326530000
26.080  -0.0207260000
26.090  -0.0116890000
26.100  -0.0070034000
26.110  -0.0028739000
26.120  0.0045853000
26.130  0.0140170000
26.140  0.0188530000
26.150  0.0132700000
26.160  0.0010814000
26.170  -0.0072428000
26.180  -0.0076360000
26.190  -0.0070433000
26.200  -0.0124480000
26.210  -0.0221410000
26.220  -0.0307830000
26.230  -0.0372100000
26.240  -0.0430590000
26.250  -0.0478680000
26.260  -0.0497240000
26.270  -0.0490330000
26.280  -0.0485550000
26.290  -0.0505340000
26.300  -0.0543690000
26.310  -0.0569760000
26.320  -0.0565690000
26.330  -0.0551130000
26.340  -0.0558900000
26.350  -0.0583740000
26.360  -0.0593850000
26.370  -0.0578880000
26.380  -0.0562740000
26.390  -0.0558080000
26.400  -0.0559590000
26.410  -0.0567940000
26.420  -0.0592180000
26.430  -0.0630950000
26.440  -0.0691580000
26.450  -0.0784600000
26.460  -0.0881510000
26.470  -0.0920830000
26.480  -0.0900680000
26.490  -0.0891720000
26.500  -0.0921130000
26.510  -0.0902330000
26.520  -0.0753300000
26.530  -0.0520040000
26.540  -0.0328060000
26.550  -0.0229630000
26.560  -0.0177530000
26.570  -0.0115000000
26.580  -0.0059882000
26.590  -0.0059213000
26.600  -0.0097172000
26.610  -0.0078841000
26.620  0.0041903000
26.630  0.0170840000
26.640  0.0180030000
26.650  0.0083824000
26.660  0.0013710000
26.670  0.0040461000
26.680  0.0125140000
26.690  0.0223100000
26.700  0.0326540000
26.710  0.0416990000
26.720  0.0478140000
26.730  0.0531890000
26.740  0.0593880000
26.750  0.0629430000
26.760  0.0621320000
26.770  0.0612300000
26.780  0.0624770000
26.790  0.0609130000
26.800  0.0538520000
26.810  0.0472670000
26.820  0.0463100000
26.830  0.0478000000
26.840  0.0475000000
26.850  0.0467320000
26.860  0.0472840000
26.870  0.0475990000
26.880  0.0470680000
26.890  0.0471740000
26.900  0.0471540000
26.910  0.0465580000
26.920  0.0495240000
26.930  0.0580430000
26.940  0.0643670000
26.950  0.0624630000
26.960  0.0593050000
26.970  0.0626640000
26.980  0.0639930000
26.990  0.0508060000
27.000  0.0303630000
27.010  0.0229310000
27.020  0.0326280000
27.030  0.0435220000
27.040  0.0441630000
27.050  0.0396940000
27.060  0.0384020000
27.070  0.0405830000
27.080  0.0414600000
27.090  0.0382440000
27.100  0.0328750000
27.110  0.0317530000
27.120  0.0376910000
27.130  0.0427460000
27.140  0.0355550000
27.150  0.0180920000
27.160  0.0034824000
27.170  -0.0021365000
27.180  -0.0050231000
27.190  -0.0101200000
27.200  -0.0149510000
27.210  -0.0172850000
27.220  -0.0197950000
27.230  -0.0238600000
27.240  -0.0277480000
27.250  -0.0305600000
27.260  -0.0338730000
27.270  -0.0377200000
27.280  -0.0415400000
27.290  -0.0454040000
27.300  -0.0489960000
27.310  -0.0504770000
27.320  -0.0498490000
27.330  -0.0495310000
27.340  -0.0512440000
27.350  -0.0546780000
27.360  -0.0587420000
27.370  -0.0621750000
27.380  -0.0635580000
27.390  -0.0637820000
27.400  -0.0642970000
27.410  -0.0626210000
27.420  -0.0545320000
27.430  -0.0432940000
27.440  -0.0364680000
27.450  -0.0337690000
27.460  -0.0275170000
27.470  -0.0182610000
27.480  -0.0153660000
27.490  -0.0198940000
27.500  -0.0193040000
27.510  -0.0077728000
27.520  0.0028136000
27.530  0.0008262400
27.540  -0.0075392000
27.550  -0.0088846000
27.560  -0.0013380000
27.570  0.0058692000
27.580  0.0067375000
27.590  0.0056405000
27.600  0.0109320000
27.610  0.0229680000
27.620  0.0312000000
27.630  0.0258500000
27.640  0.0130330000
27.650  0.0082551000
27.660  0.0153440000
27.670  0.0219630000
27.680  0.0203510000
27.690  0.0175010000
27.700  0.0208680000
27.710  0.0263180000
27.720  0.0271540000
27.730  0.0246530000
27.740  0.0221400000
27.750  0.0184970000
27.760  0.0126300000
27.770  0.0077856000
27.780  0.0058168000
27.790  0.0054166000
27.800  0.0071165000
27.810  0.0127360000
27.820  0.0193440000
27.830  0.0213450000
27.840  0.0183130000
27.850  0.0142830000
27.860  0.0124620000
27.870  0.0139130000
27.880  0.0182660000
27.890  0.0215470000
27.900  0.0203230000
27.910  0.0182400000
27.920  0.0208160000
27.930  0.0243330000
27.940  0.0221990000
27.950  0.0188040000
27.960  0.0215230000
27.970  0.0223610000
27.980  0.0084985000
27.990  -0.0122950000
28.000  -0.0184330000
28.010  -0.0073596000
28.020  0.0021891000
28.030  -0.0007041800
28.040  -0.0079744000
28.050  -0.0111440000
28.060  -0.0120880000
28.070  -0.0150890000
28.080  -0.0213850000
28.090  -0.0296500000
28.100  -0.0346050000
28.110  -0.0311400000
28.120  -0.0248890000
28.130  -0.0271410000
28.140  -0.0364850000
28.150  -0.0392480000
28.160  -0.0314530000
28.170  -0.0235770000
28.180  -0.0213750000
28.190  -0.0183490000
28.200  -0.0113840000
28.210  -0.0069027000
28.220  -0.0076771000
28.230  -0.0086105000
28.240  -0.0072990000
28.250  -0.0069766000
28.260  -0.0079837000
28.270  -0.0081359000
28.280  -0.0088511000
28.290  -0.0123990000
28.300  -0.0154530000
28.310  -0.0146890000
28.320  -0.0129910000
28.330  -0.0137050000
28.340  -0.0138350000
28.350  -0.0107460000
28.360  -0.0080730000
28.370  -0.0097658000
28.380  -0.0128100000
28.390  -0.0125840000
28.400  -0.0093715000
28.410  -0.0065049000
28.420  -0.0057961000
28.430  -0.0071084000
28.440  -0.0083307000
28.450  -0.0067549000
28.460  -0.0036814000
28.470  -0.0037285000
28.480  -0.0063877000
28.490  -0.0037038000
28.500  0.0079853000
28.510  0.0203560000
28.520  0.0229970000
28.530  0.0164520000
28.540  0.0096372000
28.550  0.0072537000
28.560  0.0052401000
28.570  -0.0007646700
28.580  -0.0074501000
28.590  -0.0073147000
28.600  -0.0005688800
28.610  0.0029356000
28.620  -0.0041471000
28.630  -0.0159400000
28.640  -0.0219090000
28.650  -0.0210020000
28.660  -0.0205000000
28.670  -0.0243280000
28.680  -0.0294040000
28.690  -0.0324330000
28.700  -0.0326090000
28.710  -0.0299770000
28.720  -0.0238980000
28.730  -0.0155300000
28.740  -0.0066102000
28.750  0.0022901000
28.760  0.0128710000
28.770  0.0248100000
28.780  0.0341570000
28.790  0.0371260000
28.800  0.0361600000
28.810  0.0364510000
28.820  0.0376530000
28.830  0.0346450000
28.840  0.0275040000
28.850  0.0230250000
28.860  0.0230950000
28.870  0.0216880000
28.880  0.0169080000
28.890  0.0157390000
28.900  0.0209210000
28.910  0.0251130000
28.920  0.0238300000
28.930  0.0220970000
28.940  0.0228020000
28.950  0.0191810000
28.960  0.0073008000
28.970  -0.0035467000
28.980  -0.0012829000
28.990  0.0122840000
29.000  0.0239380000
29.010  0.0258650000
29.020  0.0227500000
29.030  0.0224570000
29.040  0.0250080000
29.050  0.0246680000
29.060  0.0215490000
29.070  0.0243550000
29.080  0.0376790000
29.090  0.0518740000
29.100  0.0546390000
29.110  0.0478700000
29.120  0.0442870000
29.130  0.0484510000
29.140  0.0530950000
29.150  0.0525150000
29.160  0.0490950000
29.170  0.0451700000
29.180  0.0389740000
29.190  0.0302990000
29.200  0.0228480000
29.210  0.0182160000
29.220  0.0138550000
29.230  0.0085839000
29.240  0.0043544000
29.250  0.0016226000
29.260  -0.0011338000
29.270  -0.0037310000
29.280  -0.0054046000
29.290  -0.0080884000
29.300  -0.0128640000
29.310  -0.0166090000
29.320  -0.0172090000
29.330  -0.0183960000
29.340  -0.0226890000
29.350  -0.0258770000
29.360  -0.0244050000
29.370  -0.0215270000
29.380  -0.0201410000
29.390  -0.0178650000
29.400  -0.0140730000
29.410  -0.0122680000
29.420  -0.0119830000
29.430  -0.0090371000
29.440  -0.0074419000
29.450  -0.0156010000
29.460  -0.0276310000
29.470  -0.0263570000
29.480  -0.0098130000
29.490  0.0043116000
29.500  0.0051277000
29.510  0.0012237000
29.520  0.0033386000
29.530  0.0091691000
29.540  0.0112890000
29.550  0.0088354000
29.560  0.0064761000
29.570  0.0088535000
29.580  0.0162390000
29.590  0.0226010000
29.600  0.0204620000
29.610  0.0122080000
29.620  0.0076147000
29.630  0.0104380000
29.640  0.0145720000
29.650  0.0150510000
29.660  0.0133160000
29.670  0.0107220000
29.680  0.0053386000
29.690  -0.0029545000
29.700  -0.0109600000
29.710  -0.0175560000
29.720  -0.0244080000
29.730  -0.0315330000
29.740  -0.0371250000
29.750  -0.0408480000
29.760  -0.0435520000
29.770  -0.0447420000
29.780  -0.0440680000
29.790  -0.0433130000
29.800  -0.0440120000
29.810  -0.0446600000
29.820  -0.0435620000
29.830  -0.0428910000
29.840  -0.0455610000
29.850  -0.0501690000
29.860  -0.0528440000
29.870  -0.0527370000
29.880  0.0000000000
