 0.000  0.0000000000
 0.010  -0.0042272000
 0.020  -0.0115410000
 0.030  -0.0176160000
 0.040  -0.0145950000
 0.050  -0.0055790000
 0.060  0.0019187000
 0.070  0.0013651000
 0.080  -0.0029150000
 0.090  -0.0062975000
 0.100  -0.0079199000
 0.110  -0.0076506000
 0.120  -0.0056735000
 0.130  -0.0053654000
 0.140  -0.0091498000
 0.150  -0.0119280000
 0.160  -0.0081960000
 0.170  -0.0034885000
 0.180  -0.0068287000
 0.190  -0.0150390000
 0.200  -0.0185580000
 0.210  -0.0188190000
 0.220  -0.0240080000
 0.230  -0.0310840000
 0.240  -0.0313830000
 0.250  -0.0299520000
 0.260  -0.0360670000
 0.270  -0.0405400000
 0.280  -0.0300240000
 0.290  -0.0174510000
 0.300  -0.0251130000
 0.310  -0.0440140000
 0.320  -0.0462080000
 0.330  -0.0335950000
 0.340  -0.0327220000
 0.350  -0.0427430000
 0.360  -0.0357340000
 0.370  -0.0128170000
 0.380  -0.0092107000
 0.390  -0.0298950000
 0.400  -0.0337680000
 0.410  -0.0027811000
 0.420  0.0230580000
 0.430  0.0104700000
 0.440  -0.0140820000
 0.450  -0.0103330000
 0.460  0.0144420000
 0.470  0.0269150000
 0.480  0.0209380000
 0.490  0.0134590000
 0.500  0.0098038000
 0.510  0.0056506000
 0.520  0.0060749000
 0.530  0.0145240000
 0.540  0.0185520000
 0.550  0.0084365000
 0.560  -0.0059915000
 0.570  -0.0125020000
 0.580  -0.0136770000
 0.590  -0.0151530000
 0.600  -0.0165280000
 0.610  -0.0218950000
 0.620  -0.0367190000
 0.630  -0.0489110000
 0.640  -0.0412560000
 0.650  -0.0262120000
 0.660  -0.0332120000
 0.670  -0.0585270000
 0.680  -0.0657170000
 0.690  -0.0376400000
 0.700  0.0071018000
 0.710  0.0488960000
 0.720  0.0861780000
 0.730  0.1208400000
 0.740  0.1505500000
 0.750  0.1741200000
 0.760  0.1819700000
 0.770  0.1541600000
 0.780  0.0969780000
 0.790  0.0517420000
 0.800  0.0297420000
 0.810  -0.0136550000
 0.820  -0.0933130000
 0.830  -0.1467300000
 0.840  -0.1346100000
 0.850  -0.1173000000
 0.860  -0.1515700000
 0.870  -0.1734500000
 0.880  -0.0960030000
 0.890  0.0314590000
 0.900  0.0880080000
 0.910  0.0793610000
 0.920  0.1197700000
 0.930  0.2321000000
 0.940  0.3094300000
 0.950  0.2970700000
 0.960  0.2677700000
 0.970  0.2800900000
 0.980  0.2807000000
 0.990  0.2133600000
 1.000  0.1260900000
 1.010  0.0926890000
 1.020  0.0974020000
 1.030  0.0781050000
 1.040  0.0315950000
 1.050  -0.0039330000
 1.060  -0.0330650000
 1.070  -0.0859570000
 1.080  -0.1385000000
 1.090  -0.1374600000
 1.100  -0.0934060000
 1.110  -0.0649320000
 1.120  -0.0536710000
 1.130  -0.0125060000
 1.140  0.0470220000
 1.150  0.0548130000
 1.160  0.0074890000
 1.170  -0.0128360000
 1.180  0.0320140000
 1.190  0.0855460000
 1.200  0.1086200000
 1.210  0.1423100000
 1.220  0.2160500000
 1.230  0.2783900000
 1.240  0.2732300000
 1.250  0.2199800000
 1.260  0.1711700000
 1.270  0.1339900000
 1.280  0.0774240000
 1.290  -0.0080322000
 1.300  -0.0953750000
 1.310  -0.1624000000
 1.320  -0.2259700000
 1.330  -0.3148800000
 1.340  -0.4169500000
 1.350  -0.4741600000
 1.360  -0.4491600000
 1.370  -0.3680000000
 1.380  -0.2797600000
 1.390  -0.1945700000
 1.400  -0.0970550000
 1.410  0.0027175000
 1.420  0.0691420000
 1.430  0.0890610000
 1.440  0.0897090000
 1.450  0.1092600000
 1.460  0.1647100000
 1.470  0.2428600000
 1.480  0.3137700000
 1.490  0.3595500000
 1.500  0.3872000000
 1.510  0.4050400000
 1.520  0.4001300000
 1.530  0.3574200000
 1.540  0.2852900000
 1.550  0.2022400000
 1.560  0.1149100000
 1.570  0.0266470000
 1.580  -0.0567250000
 1.590  -0.1444400000
 1.600  -0.2461200000
 1.610  -0.3280900000
 1.620  -0.3376200000
 1.630  -0.2849500000
 1.640  -0.2375700000
 1.650  -0.2139600000
 1.660  -0.1631800000
 1.670  -0.0733860000
 1.680  -0.0074573000
 1.690  0.0086514000
 1.700  0.0341160000
 1.710  0.1063300000
 1.720  0.1776900000
 1.730  0.2107800000
 1.740  0.2507100000
 1.750  0.3423200000
 1.760  0.4395500000
 1.770  0.4619800000
 1.780  0.3971600000
 1.790  0.2955600000
 1.800  0.1897900000
 1.810  0.0597070000
 1.820  -0.1255800000
 1.830  -0.3499600000
 1.840  -0.5478500000
 1.850  -0.6688300000
 1.860  -0.7290900000
 1.870  -0.7777700000
 1.880  -0.8184400000
 1.890  -0.8085300000
 1.900  -0.7298300000
 1.910  -0.6147800000
 1.920  -0.4897400000
 1.930  -0.3454000000
 1.940  -0.1727300000
 1.950  0.0030242000
 1.960  0.1419800000
 1.970  0.2281100000
 1.980  0.2792300000
 1.990  0.3176800000
 2.000  0.3363800000
 2.010  0.3133400000
 2.020  0.2607300000
 2.030  0.2273300000
 2.040  0.2239100000
 2.050  0.1893800000
 2.060  0.0790710000
 2.070  -0.0559710000
 2.080  -0.1398700000
 2.090  -0.1773200000
 2.100  -0.2207300000
 2.110  -0.2818300000
 2.120  -0.3363000000
 2.130  -0.3719400000
 2.140  -0.3812700000
 2.150  -0.3604700000
 2.160  -0.3425300000
 2.170  -0.3669200000
 2.180  -0.3902700000
 2.190  -0.3216800000
 2.200  -0.1680800000
 2.210  -0.0374990000
 2.220  0.0383140000
 2.230  0.1528900000
 2.240  0.3470800000
 2.250  0.5102500000
 2.260  0.5361300000
 2.270  0.4753200000
 2.280  0.4418400000
 2.290  0.4394200000
 2.300  0.3763600000
 2.310  0.2225700000
 2.320  0.0546910000
 2.330  -0.0573410000
 2.340  -0.1301300000
 2.350  -0.2060200000
 2.360  -0.2795100000
 2.370  -0.3311400000
 2.380  -0.3814300000
 2.390  -0.4522600000
 2.400  -0.5151200000
 2.410  -0.5400500000
 2.420  -0.5478800000
 2.430  -0.5521800000
 2.440  -0.5056100000
 2.450  -0.3758900000
 2.460  -0.2152800000
 2.470  -0.0760150000
 2.480  0.0789900000
 2.490  0.2902200000
 2.500  0.4901700000
 2.510  0.5844000000
 2.520  0.5960500000
 2.530  0.6204400000
 2.540  0.6794200000
 2.550  0.7205000000
 2.560  0.7271300000
 2.570  0.7290900000
 2.580  0.7211900000
 2.590  0.6635200000
 2.600  0.5593300000
 2.610  0.4586000000
 2.620  0.3750400000
 2.630  0.2654800000
 2.640  0.1059400000
 2.650  -0.0601600000
 2.660  -0.1773100000
 2.670  -0.2483300000
 2.680  -0.3190000000
 2.690  -0.4064300000
 2.700  -0.4702100000
 2.710  -0.4600300000
 2.720  -0.3769100000
 2.730  -0.2725600000
 2.740  -0.1871700000
 2.750  -0.1106100000
 2.760  -0.0185150000
 2.770  0.0797540000
 2.780  0.1559400000
 2.790  0.2135500000
 2.800  0.2889000000
 2.810  0.4001100000
 2.820  0.5205100000
 2.830  0.6177500000
 2.840  0.6903400000
 2.850  0.7489300000
 2.860  0.7869700000
 2.870  0.7924600000
 2.880  0.7665700000
 2.890  0.7166500000
 2.900  0.6485800000
 2.910  0.5777800000
 2.920  0.5240600000
 2.930  0.4812900000
 2.940  0.4149500000
 2.950  0.3086100000
 2.960  0.1822300000
 2.970  0.0440650000
 2.980  -0.1334900000
 2.990  -0.3566900000
 3.000  -0.5758400000
 3.010  -0.7476400000
 3.020  -0.8968000000
 3.030  -1.0672000000
 3.040  -1.2481000000
 3.050  -1.3936000000
 3.060  -1.4953000000
 3.070  -1.5853000000
 3.080  -1.6821000000
 3.090  -1.7703000000
 3.100  -1.8236000000
 3.110  -1.8198000000
 3.120  -1.7436000000
 3.130  -1.6028000000
 3.140  -1.4330000000
 3.150  -1.2701000000
 3.160  -1.1234000000
 3.170  -0.9751000000
 3.180  -0.7957100000
 3.190  -0.5681600000
 3.200  -0.3230800000
 3.210  -0.1405200000
 3.220  -0.0887470000
 3.230  -0.1573200000
 3.240  -0.2845300000
 3.250  -0.4444300000
 3.260  -0.6630200000
 3.270  -0.9309500000
 3.280  -1.1587000000
 3.290  -1.2547000000
 3.300  -1.2126000000
 3.310  -1.0742000000
 3.320  -0.8466400000
 3.330  -0.5117600000
 3.340  -0.0984590000
 3.350  0.3260700000
 3.360  0.7357700000
 3.370  1.1530000000
 3.380  1.5655000000
 3.390  1.9030000000
 3.400  2.1171000000
 3.410  2.2447000000
 3.420  2.3521000000
 3.430  2.4529000000
 3.440  2.4993000000
 3.450  2.4548000000
 3.460  2.3408000000
 3.470  2.2194000000
 3.480  2.1333000000
 3.490  2.0777000000
 3.500  2.0186000000
 3.510  1.9345000000
 3.520  1.8237000000
 3.530  1.6918000000
 3.540  1.5503000000
 3.550  1.4139000000
 3.560  1.2680000000
 3.570  1.0645000000
 3.580  0.7808600000
 3.590  0.4620800000
 3.600  0.1604200000
 3.610  -0.1345800000
 3.620  -0.4509100000
 3.630  -0.7435900000
 3.640  -0.9268000000
 3.650  -0.9899000000
 3.660  -0.9999000000
 3.670  -0.9914000000
 3.680  -0.9332900000
 3.690  -0.8068700000
 3.700  -0.6340900000
 3.710  -0.4239800000
 3.720  -0.1755600000
 3.730  0.0607890000
 3.740  0.2138500000
 3.750  0.3017800000
 3.760  0.4104300000
 3.770  0.5450000000
 3.780  0.6094500000
 3.790  0.5724900000
 3.800  0.5383500000
 3.810  0.5897900000
 3.820  0.6509300000
 3.830  0.5870900000
 3.840  0.3822300000
 3.850  0.1348500000
 3.860  -0.0784640000
 3.870  -0.2604800000
 3.880  -0.4344000000
 3.890  -0.5988500000
 3.900  -0.7420100000
 3.910  -0.8585800000
 3.920  -0.9460000000
 3.930  -1.0066000000
 3.940  -1.0549000000
 3.950  -1.1040000000
 3.960  -1.1484000000
 3.970  -1.1727000000
 3.980  -1.1728000000
 3.990  -1.1563000000
 4.000  -1.1302000000
 4.010  -1.0999000000
 4.020  -1.0726000000
 4.030  -1.0437000000
 4.040  -0.9871800000
 4.050  -0.8772600000
 4.060  -0.7170800000
 4.070  -0.5349700000
 4.080  -0.3493200000
 4.090  -0.1541100000
 4.100  0.0617420000
 4.110  0.2874800000
 4.120  0.4923300000
 4.130  0.6451300000
 4.140  0.7373900000
 4.150  0.7891000000
 4.160  0.8304200000
 4.170  0.8722600000
 4.180  0.8992700000
 4.190  0.8938100000
 4.200  0.8587600000
 4.210  0.8078800000
 4.220  0.7398800000
 4.230  0.6391400000
 4.240  0.5068600000
 4.250  0.3746000000
 4.260  0.2772800000
 4.270  0.2194100000
 4.280  0.1822500000
 4.290  0.1540200000
 4.300  0.1380000000
 4.310  0.1337500000
 4.320  0.1311900000
 4.330  0.1273100000
 4.340  0.1329900000
 4.350  0.1536300000
 4.360  0.1724400000
 4.370  0.1652400000
 4.380  0.1289200000
 4.390  0.0860260000
 4.400  0.0602180000
 4.410  0.0539370000
 4.420  0.0503200000
 4.430  0.0317020000
 4.440  -0.0077573000
 4.450  -0.0610440000
 4.460  -0.1163600000
 4.470  -0.1700800000
 4.480  -0.2371200000
 4.490  -0.3397700000
 4.500  -0.4813100000
 4.510  -0.6368000000
 4.520  -0.7789400000
 4.530  -0.9015400000
 4.540  -1.0099000000
 4.550  -1.0978000000
 4.560  -1.1519000000
 4.570  -1.1717000000
 4.580  -1.1685000000
 4.590  -1.1452000000
 4.600  -1.0918000000
 4.610  -1.0040000000
 4.620  -0.8950500000
 4.630  -0.7851300000
 4.640  -0.6882200000
 4.650  -0.6101300000
 4.660  -0.5518000000
 4.670  -0.5107100000
 4.680  -0.4840000000
 4.690  -0.4712400000
 4.700  -0.4684000000
 4.710  -0.4606600000
 4.720  -0.4299200000
 4.730  -0.3737400000
 4.740  -0.3072100000
 4.750  -0.2416400000
 4.760  -0.1710100000
 4.770  -0.0839570000
 4.780  0.0228900000
 4.790  0.1473100000
 4.800  0.2841000000
 4.810  0.4208100000
 4.820  0.5416300000
 4.830  0.6427600000
 4.840  0.7340600000
 4.850  0.8194500000
 4.860  0.8867900000
 4.870  0.9257600000
 4.880  0.9423500000
 4.890  0.9471600000
 4.900  0.9388800000
 4.910  0.9080600000
 4.920  0.8504800000
 4.930  0.7719700000
 4.940  0.6822900000
 4.950  0.5867400000
 4.960  0.4837100000
 4.970  0.3719900000
 4.980  0.2631800000
 4.990  0.1801800000
 5.000  0.1390500000
 5.010  0.1333400000
 5.020  0.1420500000
 5.030  0.1490200000
 5.040  0.1518800000
 5.050  0.1539800000
 5.060  0.1551800000
 5.070  0.1509600000
 5.080  0.1352500000
 5.090  0.1006500000
 5.100  0.0398280000
 5.110  -0.0451780000
 5.120  -0.1362000000
 5.130  -0.2108900000
 5.140  -0.2647300000
 5.150  -0.3079500000
 5.160  -0.3399300000
 5.170  -0.3419900000
 5.180  -0.3019100000
 5.190  -0.2305900000
 5.200  -0.1481000000
 5.210  -0.0636120000
 5.220  0.0232580000
 5.230  0.1098300000
 5.240  0.1838900000
 5.250  0.2282000000
 5.260  0.2343300000
 5.270  0.2163100000
 5.280  0.1994300000
 5.290  0.1922500000
 5.300  0.1834500000
 5.310  0.1670000000
 5.320  0.1498200000
 5.330  0.1276900000
 5.340  0.0799920000
 5.350  -0.0048013000
 5.360  -0.1147300000
 5.370  -0.2357600000
 5.380  -0.3629700000
 5.390  -0.4876200000
 5.400  -0.5915400000
 5.410  -0.6636000000
 5.420  -0.7065300000
 5.430  -0.7247900000
 5.440  -0.7169100000
 5.450  -0.6813000000
 5.460  -0.6206300000
 5.470  -0.5395000000
 5.480  -0.4440100000
 5.490  -0.3403800000
 5.500  -0.2282500000
 5.510  -0.1023700000
 5.520  0.0387070000
 5.530  0.1892400000
 5.540  0.3410700000
 5.550  0.4821200000
 5.560  0.5950000000
 5.570  0.6647500000
 5.580  0.6909800000
 5.590  0.6875100000
 5.600  0.6669800000
 5.610  0.6299500000
 5.620  0.5703500000
 5.630  0.4886500000
 5.640  0.3950800000
 5.650  0.3005900000
 5.660  0.2083400000
 5.670  0.1147500000
 5.680  0.0165570000
 5.690  -0.0857520000
 5.700  -0.1875400000
 5.710  -0.2807600000
 5.720  -0.3587400000
 5.730  -0.4212200000
 5.740  -0.4719300000
 5.750  -0.5119300000
 5.760  -0.5412300000
 5.770  -0.5618000000
 5.780  -0.5719100000
 5.790  -0.5655800000
 5.800  -0.5448800000
 5.810  -0.5212200000
 5.820  -0.4944700000
 5.830  -0.4462100000
 5.840  -0.3675800000
 5.850  -0.2747500000
 5.860  -0.1807800000
 5.870  -0.0709380000
 5.880  0.0695250000
 5.890  0.2241600000
 5.900  0.3640500000
 5.910  0.4854200000
 5.920  0.6039900000
 5.930  0.7244100000
 5.940  0.8348400000
 5.950  0.9241300000
 5.960  0.9863200000
 5.970  1.0145000000
 5.980  1.0036000000
 5.990  0.9552300000
 6.000  0.8746800000
 6.010  0.7678500000
 6.020  0.6437000000
 6.030  0.5127800000
 6.040  0.3820900000
 6.050  0.2570800000
 6.060  0.1449500000
 6.070  0.0499710000
 6.080  -0.0296230000
 6.090  -0.0923350000
 6.100  -0.1308200000
 6.110  -0.1444600000
 6.120  -0.1483700000
 6.130  -0.1608100000
 6.140  -0.1877500000
 6.150  -0.2246500000
 6.160  -0.2688300000
 6.170  -0.3217700000
 6.180  -0.3828900000
 6.190  -0.4463600000
 6.200  -0.5041600000
 6.210  -0.5530100000
 6.220  -0.5989500000
 6.230  -0.6511900000
 6.240  -0.7094200000
 6.250  -0.7647900000
 6.260  -0.8125900000
 6.270  -0.8551000000
 6.280  -0.8901600000
 6.290  -0.9112900000
 6.300  -0.9191400000
 6.310  -0.9188700000
 6.320  -0.9034500000
 6.330  -0.8576800000
 6.340  -0.7825100000
 6.350  -0.6966800000
 6.360  -0.6067800000
 6.370  -0.4973300000
 6.380  -0.3584500000
 6.390  -0.2034000000
 6.400  -0.0478980000
 6.410  0.1072300000
 6.420  0.2644700000
 6.430  0.4167800000
 6.440  0.5529800000
 6.450  0.6616900000
 6.460  0.7268800000
 6.470  0.7398900000
 6.480  0.7196100000
 6.490  0.6988700000
 6.500  0.6841300000
 6.510  0.6508400000
 6.520  0.5883800000
 6.530  0.5244000000
 6.540  0.4914600000
 6.550  0.4875900000
 6.560  0.4870400000
 6.570  0.4757700000
 6.580  0.4607500000
 6.590  0.4529800000
 6.600  0.4556600000
 6.610  0.4672400000
 6.620  0.4866000000
 6.630  0.5147800000
 6.640  0.5528200000
 6.650  0.5943700000
 6.660  0.6229400000
 6.670  0.6251200000
 6.680  0.6044400000
 6.690  0.5726500000
 6.700  0.5310200000
 6.710  0.4730000000
 6.720  0.4034900000
 6.730  0.3399300000
 6.740  0.2928600000
 6.750  0.2581100000
 6.760  0.2293200000
 6.770  0.2043400000
 6.780  0.1802400000
 6.790  0.1543400000
 6.800  0.1304900000
 6.810  0.1129600000
 6.820  0.0976310000
 6.830  0.0796200000
 6.840  0.0659190000
 6.850  0.0679180000
 6.860  0.0849140000
 6.870  0.1044700000
 6.880  0.1156500000
 6.890  0.1132900000
 6.900  0.0951080000
 6.910  0.0632170000
 6.920  0.0247040000
 6.930  -0.0150370000
 6.940  -0.0555080000
 6.950  -0.0963940000
 6.960  -0.1368800000
 6.970  -0.1791700000
 6.980  -0.2245500000
 6.990  -0.2688400000
 7.000  -0.3090700000
 7.010  -0.3514100000
 7.020  -0.4024300000
 7.030  -0.4578200000
 7.040  -0.5080600000
 7.050  -0.5512900000
 7.060  -0.5914400000
 7.070  -0.6307400000
 7.080  -0.6716800000
 7.090  -0.7183500000
 7.100  -0.7671200000
 7.110  -0.8047400000
 7.120  -0.8230000000
 7.130  -0.8265700000
 7.140  -0.8200200000
 7.150  -0.7978300000
 7.160  -0.7546300000
 7.170  -0.6960400000
 7.180  -0.6323300000
 7.190  -0.5682000000
 7.200  -0.5037300000
 7.210  -0.4369900000
 7.220  -0.3634400000
 7.230  -0.2791800000
 7.240  -0.1897800000
 7.250  -0.1072800000
 7.260  -0.0372590000
 7.270  0.0240210000
 7.280  0.0775010000
 7.290  0.1162000000
 7.300  0.1349100000
 7.310  0.1375100000
 7.320  0.1302500000
 7.330  0.1125400000
 7.340  0.0815020000
 7.350  0.0432050000
 7.360  0.0120660000
 7.370  -0.0029383000
 7.380  -0.0048626000
 7.390  0.0001545200
 7.400  0.0119080000
 7.410  0.0331020000
 7.420  0.0626880000
 7.430  0.0981780000
 7.440  0.1383700000
 7.450  0.1801900000
 7.460  0.2172800000
 7.470  0.2508900000
 7.480  0.2922000000
 7.490  0.3482500000
 7.500  0.4098000000
 7.510  0.4626500000
 7.520  0.5021000000
 7.530  0.5308800000
 7.540  0.5501900000
 7.550  0.5603000000
 7.560  0.5611100000
 7.570  0.5459200000
 7.580  0.5057500000
 7.590  0.4428700000
 7.600  0.3707900000
 7.610  0.2942200000
 7.620  0.2070700000
 7.630  0.1123300000
 7.640  0.0300230000
 7.650  -0.0274330000
 7.660  -0.0672210000
 7.670  -0.0984590000
 7.680  -0.1184300000
 7.690  -0.1263200000
 7.700  -0.1323000000
 7.710  -0.1420000000
 7.720  -0.1462800000
 7.730  -0.1359700000
 7.740  -0.1152400000
 7.750  -0.0899510000
 7.760  -0.0560310000
 7.770  -0.0081369000
 7.780  0.0476560000
 7.790  0.0976130000
 7.800  0.1298500000
 7.810  0.1377300000
 7.820  0.1204000000
 7.830  0.0842830000
 7.840  0.0400140000
 7.850  -0.0054969000
 7.860  -0.0497210000
 7.870  -0.0880640000
 7.880  -0.1129300000
 7.890  -0.1235200000
 7.900  -0.1278400000
 7.910  -0.1312900000
 7.920  -0.1284600000
 7.930  -0.1131700000
 7.940  -0.0891940000
 7.950  -0.0639490000
 7.960  -0.0363630000
 7.970  -0.0017106000
 7.980  0.0369280000
 7.990  0.0730180000
 8.000  0.1073500000
 8.010  0.1431700000
 8.020  0.1754000000
 8.030  0.1971600000
 8.040  0.2130800000
 8.050  0.2339100000
 8.060  0.2602200000
 8.070  0.2820800000
 8.080  0.2951100000
 8.090  0.3054000000
 8.100  0.3169900000
 8.110  0.3216700000
 8.120  0.3077300000
 8.130  0.2761200000
 8.140  0.2399300000
 8.150  0.2051000000
 8.160  0.1629300000
 8.170  0.1087600000
 8.180  0.0541990000
 8.190  0.0090247000
 8.200  -0.0359340000
 8.210  -0.0913840000
 8.220  -0.1487900000
 8.230  -0.1955500000
 8.240  -0.2405500000
 8.250  -0.2992700000
 8.260  -0.3640700000
 8.270  -0.4128000000
 8.280  -0.4409500000
 8.290  -0.4609200000
 8.300  -0.4755800000
 8.310  -0.4755600000
 8.320  -0.4602200000
 8.330  -0.4417900000
 8.340  -0.4270200000
 8.350  -0.4110400000
 8.360  -0.3896900000
 8.370  -0.3659500000
 8.380  -0.3415000000
 8.390  -0.3133100000
 8.400  -0.2812100000
 8.410  -0.2499500000
 8.420  -0.2209600000
 8.430  -0.1892600000
 8.440  -0.1515700000
 8.450  -0.1120800000
 8.460  -0.0776430000
 8.470  -0.0494450000
 8.480  -0.0224820000
 8.490  0.0075690000
 8.500  0.0383380000
 8.510  0.0638900000
 8.520  0.0828100000
 8.530  0.1016000000
 8.540  0.1255800000
 8.550  0.1488200000
 8.560  0.1581100000
 8.570  0.1484000000
 8.580  0.1283200000
 8.590  0.1102800000
 8.600  0.1004500000
 8.610  0.0987690000
 8.620  0.1034600000
 8.630  0.1123900000
 8.640  0.1226300000
 8.650  0.1298700000
 8.660  0.1299100000
 8.670  0.1218000000
 8.680  0.1080100000
 8.690  0.0914120000
 8.700  0.0736370000
 8.710  0.0572700000
 8.720  0.0444370000
 8.730  0.0327740000
 8.740  0.0157060000
 8.750  -0.0101560000
 8.760  -0.0425250000
 8.770  -0.0788560000
 8.780  -0.1191600000
 8.790  -0.1629700000
 8.800  -0.2100500000
 8.810  -0.2617600000
 8.820  -0.3155100000
 8.830  -0.3590900000
 8.840  -0.3815000000
 8.850  -0.3847000000
 8.860  -0.3767000000
 8.870  -0.3533300000
 8.880  -0.3033800000
 8.890  -0.2287400000
 8.900  -0.1473300000
 8.910  -0.0705240000
 8.920  0.0065833000
 8.930  0.0869540000
 8.940  0.1547800000
 8.950  0.1920900000
 8.960  0.2023100000
 8.970  0.2029600000
 8.980  0.1992500000
 8.990  0.1787700000
 9.000  0.1321200000
 9.010  0.0668990000
 9.020  -0.0011363000
 9.030  -0.0633050000
 9.040  -0.1189900000
 9.050  -0.1667400000
 9.060  -0.2005300000
 9.070  -0.2139700000
 9.080  -0.2064100000
 9.090  -0.1825900000
 9.100  -0.1484000000
 9.110  -0.1075600000
 9.120  -0.0618360000
 9.130  -0.0114900000
 9.140  0.0434530000
 9.150  0.1001600000
 9.160  0.1509000000
 9.170  0.1890900000
 9.180  0.2176000000
 9.190  0.2458600000
 9.200  0.2779600000
 9.210  0.3095500000
 9.220  0.3368000000
 9.230  0.3622300000
 9.240  0.3897800000
 9.250  0.4185400000
 9.260  0.4459000000
 9.270  0.4724700000
 9.280  0.5000500000
 9.290  0.5274800000
 9.300  0.5542200000
 9.310  0.5827300000
 9.320  0.6128200000
 9.330  0.6371700000
 9.340  0.6483300000
 9.350  0.6453300000
 9.360  0.6276500000
 9.370  0.5894400000
 9.380  0.5286700000
 9.390  0.4559800000
 9.400  0.3831700000
 9.410  0.3097700000
 9.420  0.2304700000
 9.430  0.1488900000
 9.440  0.0739020000
 9.450  0.0081256000
 9.460  -0.0515690000
 9.470  -0.1062500000
 9.480  -0.1554300000
 9.490  -0.2011000000
 9.500  -0.2449100000
 9.510  -0.2836000000
 9.520  -0.3130700000
 9.530  -0.3321800000
 9.540  -0.3424200000
 9.550  -0.3474300000
 9.560  -0.3529300000
 9.570  -0.3623600000
 9.580  -0.3739000000
 9.590  -0.3846700000
 9.600  -0.3955000000
 9.610  -0.4092700000
 9.620  -0.4255100000
 9.630  -0.4397400000
 9.640  -0.4476700000
 9.650  -0.4493600000
 9.660  -0.4485100000
 9.670  -0.4466600000
 9.680  -0.4394500000
 9.690  -0.4226200000
 9.700  -0.4001600000
 9.710  -0.3788900000
 9.720  -0.3558600000
 9.730  -0.3199500000
 9.740  -0.2676900000
 9.750  -0.2070300000
 9.760  -0.1443400000
 9.770  -0.0774520000
 9.780  -0.0064565000
 9.790  0.0610390000
 9.800  0.1205500000
 9.810  0.1771400000
 9.820  0.2345300000
 9.830  0.2862100000
 9.840  0.3235800000
 9.850  0.3453900000
 9.860  0.3538300000
 9.870  0.3471400000
 9.880  0.3224200000
 9.890  0.2805500000
 9.900  0.2241700000
 9.910  0.1543700000
 9.920  0.0747780000
 9.930  -0.0056987000
 9.940  -0.0782130000
 9.950  -0.1413800000
 9.960  -0.1980300000
 9.970  -0.2480000000
 9.980  -0.2871100000
 9.990  -0.3128300000
10.000  -0.3257300000
10.010  -0.3262400000
10.020  -0.3132100000
10.030  -0.2879900000
10.040  -0.2561100000
10.050  -0.2222400000
10.060  -0.1846400000
10.070  -0.1383900000
10.080  -0.0825820000
10.090  -0.0221260000
10.100  0.0378760000
10.110  0.0963220000
10.120  0.1555900000
10.130  0.2171100000
10.140  0.2796700000
10.150  0.3414900000
10.160  0.4037300000
10.170  0.4684700000
10.180  0.5323400000
10.190  0.5846300000
10.200  0.6147700000
10.210  0.6202200000
10.220  0.6049300000
10.230  0.5728700000
10.240  0.5262700000
10.250  0.4672100000
10.260  0.3980600000
10.270  0.3214000000
10.280  0.2418100000
10.290  0.1650200000
10.300  0.0938540000
10.310  0.0275100000
10.320  -0.0342160000
10.330  -0.0892130000
10.340  -0.1361600000
10.350  -0.1756100000
10.360  -0.2067200000
10.370  -0.2271300000
10.380  -0.2378200000
10.390  -0.2451300000
10.400  -0.2546800000
10.410  -0.2661200000
10.420  -0.2753600000
10.430  -0.2809500000
10.440  -0.2850800000
10.450  -0.2877500000
10.460  -0.2832700000
10.470  -0.2666100000
10.480  -0.2419200000
10.490  -0.2187500000
10.500  -0.1997000000
10.510  -0.1781100000
10.520  -0.1502800000
10.530  -0.1223400000
10.540  -0.1016900000
10.550  -0.0873510000
10.560  -0.0735930000
10.570  -0.0578870000
10.580  -0.0426750000
10.590  -0.0317990000
10.600  -0.0287680000
10.610  -0.0348930000
10.620  -0.0488830000
10.630  -0.0694150000
10.640  -0.0975080000
10.650  -0.1318300000
10.660  -0.1648800000
10.670  -0.1881900000
10.680  -0.2000000000
10.690  -0.2045500000
10.700  -0.2064800000
10.710  -0.2073400000
10.720  -0.2049100000
10.730  -0.1953700000
10.740  -0.1790500000
10.750  -0.1612800000
10.760  -0.1455700000
10.770  -0.1284500000
10.780  -0.1062700000
10.790  -0.0817530000
10.800  -0.0599680000
10.810  -0.0403060000
10.820  -0.0193580000
10.830  0.0036349000
10.840  0.0278000000
10.850  0.0533590000
10.860  0.0786490000
10.870  0.1001200000
10.880  0.1171400000
10.890  0.1327000000
10.900  0.1484400000
10.910  0.1638400000
10.920  0.1793800000
10.930  0.1958800000
10.940  0.2123800000
10.950  0.2285200000
10.960  0.2470000000
10.970  0.2681600000
10.980  0.2867200000
10.990  0.2986300000
11.000  0.3077400000
11.010  0.3198600000
11.020  0.3345400000
11.030  0.3466400000
11.040  0.3528700000
11.050  0.3529300000
11.060  0.3474600000
11.070  0.3371500000
11.080  0.3219500000
11.090  0.3004400000
11.100  0.2723400000
11.110  0.2403000000
11.120  0.2062100000
11.130  0.1672500000
11.140  0.1192600000
11.150  0.0625480000
11.160  0.0011108000
11.170  -0.0627660000
11.180  -0.1289400000
11.190  -0.1959100000
11.200  -0.2598200000
11.210  -0.3175100000
11.220  -0.3664700000
11.230  -0.4031100000
11.240  -0.4241200000
11.250  -0.4310300000
11.260  -0.4296200000
11.270  -0.4225300000
11.280  -0.4060000000
11.290  -0.3772400000
11.300  -0.3409300000
11.310  -0.3021500000
11.320  -0.2588300000
11.330  -0.2077500000
11.340  -0.1540400000
11.350  -0.1048200000
11.360  -0.0594030000
11.370  -0.0138340000
11.380  0.0288540000
11.390  0.0628360000
11.400  0.0886030000
11.410  0.1101200000
11.420  0.1276500000
11.430  0.1404500000
11.440  0.1506400000
11.450  0.1585600000
11.460  0.1603100000
11.470  0.1540900000
11.480  0.1419600000
11.490  0.1237000000
11.500  0.0967260000
11.510  0.0629840000
11.520  0.0264630000
11.530  -0.0141880000
11.540  -0.0626270000
11.550  -0.1141500000
11.560  -0.1576300000
11.570  -0.1863500000
11.580  -0.2014800000
11.590  -0.2053100000
11.600  -0.1980800000
11.610  -0.1806800000
11.620  -0.1567400000
11.630  -0.1306600000
11.640  -0.1041200000
11.650  -0.0743860000
11.660  -0.0383690000
11.670  0.0014281000
11.680  0.0380860000
11.690  0.0675950000
11.700  0.0910640000
11.710  0.1100300000
11.720  0.1246300000
11.730  0.1359700000
11.740  0.1460200000
11.750  0.1551300000
11.760  0.1623400000
11.770  0.1668700000
11.780  0.1663400000
11.790  0.1567100000
11.800  0.1368100000
11.810  0.1103500000
11.820  0.0805960000
11.830  0.0478100000
11.840  0.0134710000
11.850  -0.0184010000
11.860  -0.0458050000
11.870  -0.0696910000
11.880  -0.0894340000
11.890  -0.1021300000
11.900  -0.1075100000
11.910  -0.1083200000
11.920  -0.1055500000
11.930  -0.0979970000
11.940  -0.0875750000
11.950  -0.0786190000
11.960  -0.0718360000
11.970  -0.0641550000
11.980  -0.0557140000
11.990  -0.0500020000
12.000  -0.0470070000
12.010  -0.0428350000
12.020  -0.0379600000
12.030  -0.0382510000
12.040  -0.0464090000
12.050  -0.0578650000
12.060  -0.0673260000
12.070  -0.0732080000
12.080  -0.0742990000
12.090  -0.0677550000
12.100  -0.0527870000
12.110  -0.0316790000
12.120  -0.0053109000
12.130  0.0267740000
12.140  0.0625480000
12.150  0.0979450000
12.160  0.1324900000
12.170  0.1681700000
12.180  0.2039500000
12.190  0.2352500000
12.200  0.2598200000
12.210  0.2796100000
12.220  0.2963400000
12.230  0.3089600000
12.240  0.3161100000
12.250  0.3182200000
12.260  0.3157800000
12.270  0.3083100000
12.280  0.2954500000
12.290  0.2779800000
12.300  0.2577000000
12.310  0.2371700000
12.320  0.2186300000
12.330  0.2018500000
12.340  0.1838500000
12.350  0.1621200000
12.360  0.1367900000
12.370  0.1089800000
12.380  0.0788640000
12.390  0.0471610000
12.400  0.0165020000
12.410  -0.0110130000
12.420  -0.0364070000
12.430  -0.0620140000
12.440  -0.0883180000
12.450  -0.1149500000
12.460  -0.1428600000
12.470  -0.1734600000
12.480  -0.2059400000
12.490  -0.2374900000
12.500  -0.2642300000
12.510  -0.2823200000
12.520  -0.2893100000
12.530  -0.2867100000
12.540  -0.2790300000
12.550  -0.2692100000
12.560  -0.2555900000
12.570  -0.2350100000
12.580  -0.2087200000
12.590  -0.1828700000
12.600  -0.1620300000
12.610  -0.1434500000
12.620  -0.1217200000
12.630  -0.0966940000
12.640  -0.0731680000
12.650  -0.0512980000
12.660  -0.0243790000
12.670  0.0122090000
12.680  0.0532490000
12.690  0.0892240000
12.700  0.1142800000
12.710  0.1269900000
12.720  0.1267200000
12.730  0.1131400000
12.740  0.0865490000
12.750  0.0472040000
12.760  -0.0030530000
12.770  -0.0590340000
12.780  -0.1141200000
12.790  -0.1642800000
12.800  -0.2061200000
12.810  -0.2339500000
12.820  -0.2430300000
12.830  -0.2346500000
12.840  -0.2128500000
12.850  -0.1782100000
12.860  -0.1295600000
12.870  -0.0701050000
12.880  -0.0061122000
12.890  0.0581860000
12.900  0.1206400000
12.910  0.1780300000
12.920  0.2281500000
12.930  0.2706500000
12.940  0.3033400000
12.950  0.3213400000
12.960  0.3233900000
12.970  0.3140600000
12.980  0.2964900000
12.990  0.2695000000
13.000  0.2345800000
13.010  0.1984100000
13.020  0.1638100000
13.030  0.1260300000
13.040  0.0824810000
13.050  0.0390950000
13.060  0.0025476000
13.070  -0.0279730000
13.080  -0.0567470000
13.090  -0.0841860000
13.100  -0.1075200000
13.110  -0.1249400000
13.120  -0.1362400000
13.130  -0.1417500000
13.140  -0.1414000000
13.150  -0.1341600000
13.160  -0.1193300000
13.170  -0.0996260000
13.180  -0.0802330000
13.190  -0.0638520000
13.200  -0.0488990000
13.210  -0.0335010000
13.220  -0.0182580000
13.230  -0.0039881000
13.240  0.0096873000
13.250  0.0221460000
13.260  0.0314480000
13.270  0.0366250000
13.280  0.0381820000
13.290  0.0361620000
13.300  0.0304100000
13.310  0.0218940000
13.320  0.0125250000
13.330  0.0033556000
13.340  -0.0052983000
13.350  -0.0129170000
13.360  -0.0186460000
13.370  -0.0220850000
13.380  -0.0233220000
13.390  -0.0237110000
13.400  -0.0253290000
13.410  -0.0288990000
13.420  -0.0330810000
13.430  -0.0378630000
13.440  -0.0458820000
13.450  -0.0590400000
13.460  -0.0752030000
13.470  -0.0912150000
13.480  -0.1070800000
13.490  -0.1247100000
13.500  -0.1431500000
13.510  -0.1595000000
13.520  -0.1734100000
13.530  -0.1869100000
13.540  -0.1990900000
13.550  -0.2052800000
13.560  -0.2026000000
13.570  -0.1938900000
13.580  -0.1836300000
13.590  -0.1722300000
13.600  -0.1571200000
13.610  -0.1386000000
13.620  -0.1203200000
13.630  -0.1042400000
13.640  -0.0875930000
13.650  -0.0673780000
13.660  -0.0443000000
13.670  -0.0221200000
13.680  -0.0033052000
13.690  0.0115660000
13.700  0.0228440000
13.710  0.0309400000
13.720  0.0371200000
13.730  0.0428280000
13.740  0.0489400000
13.750  0.0559350000
13.760  0.0644380000
13.770  0.0742540000
13.780  0.0833380000
13.790  0.0894760000
13.800  0.0931160000
13.810  0.0967470000
13.820  0.1009200000
13.830  0.1030400000
13.840  0.1023000000
13.850  0.1022900000
13.860  0.1058200000
13.870  0.1096500000
13.880  0.1091900000
13.890  0.1055700000
13.900  0.1033300000
13.910  0.1025600000
13.920  0.0995480000
13.930  0.0937310000
13.940  0.0880460000
13.950  0.0833970000
13.960  0.0783740000
13.970  0.0734130000
13.980  0.0704390000
13.990  0.0694780000
14.000  0.0694460000
14.010  0.0707070000
14.020  0.0729160000
14.030  0.0727790000
14.040  0.0679460000
14.050  0.0610620000
14.060  0.0562500000
14.070  0.0537590000
14.080  0.0509300000
14.090  0.0469580000
14.100  0.0439010000
14.110  0.0433560000
14.120  0.0439910000
14.130  0.0435930000
14.140  0.0428720000
14.150  0.0455410000
14.160  0.0533090000
14.170  0.0630120000
14.180  0.0707730000
14.190  0.0764140000
14.200  0.0805910000
14.210  0.0807020000
14.220  0.0737110000
14.230  0.0609140000
14.240  0.0460010000
14.250  0.0300670000
14.260  0.0118260000
14.270  -0.0084649000
14.280  -0.0285390000
14.290  -0.0461350000
14.300  -0.0605450000
14.310  -0.0726180000
14.320  -0.0836230000
14.330  -0.0923700000
14.340  -0.0959030000
14.350  -0.0936900000
14.360  -0.0884340000
14.370  -0.0807850000
14.380  -0.0676850000
14.390  -0.0481710000
14.400  -0.0259340000
14.410  -0.0041498000
14.420  0.0171720000
14.430  0.0365310000
14.440  0.0502780000
14.450  0.0578020000
14.460  0.0621450000
14.470  0.0644060000
14.480  0.0635380000
14.490  0.0620650000
14.500  0.0654880000
14.510  0.0744540000
14.520  0.0829830000
14.530  0.0867620000
14.540  0.0878010000
14.550  0.0889510000
14.560  0.0882520000
14.570  0.0813200000
14.580  0.0668280000
14.590  0.0463370000
14.600  0.0204760000
14.610  -0.0117420000
14.620  -0.0482790000
14.630  -0.0822020000
14.640  -0.1076300000
14.650  -0.1258700000
14.660  -0.1419600000
14.670  -0.1564100000
14.680  -0.1649300000
14.690  -0.1654500000
14.700  -0.1606200000
14.710  -0.1533500000
14.720  -0.1439800000
14.730  -0.1341100000
14.740  -0.1280200000
14.750  -0.1270300000
14.760  -0.1255300000
14.770  -0.1175900000
14.780  -0.1041800000
14.790  -0.0898100000
14.800  -0.0735260000
14.810  -0.0498840000
14.820  -0.0188510000
14.830  0.0120250000
14.840  0.0380730000
14.850  0.0626330000
14.860  0.0875610000
14.870  0.1070800000
14.880  0.1164000000
14.890  0.1199700000
14.900  0.1225100000
14.910  0.1183300000
14.920  0.0981810000
14.930  0.0648410000
14.940  0.0310050000
14.950  0.0020781000
14.960  -0.0289850000
14.970  -0.0673720000
14.980  -0.1056700000
14.990  -0.1329900000
15.000  -0.1482500000
15.010  -0.1588500000
15.020  -0.1688400000
15.030  -0.1755600000
15.040  -0.1765100000
15.050  -0.1732000000
15.060  -0.1665100000
15.070  -0.1541800000
15.080  -0.1353900000
15.090  -0.1139200000
15.100  -0.0939620000
15.110  -0.0751730000
15.120  -0.0541090000
15.130  -0.0287310000
15.140  -0.0005869800
15.150  0.0273830000
15.160  0.0535550000
15.170  0.0796530000
15.180  0.1079400000
15.190  0.1373700000
15.200  0.1636200000
15.210  0.1849300000
15.220  0.2032500000
15.230  0.2185500000
15.240  0.2266100000
15.250  0.2248400000
15.260  0.2161000000
15.270  0.2038700000
15.280  0.1879700000
15.290  0.1666900000
15.300  0.1405900000
15.310  0.1120700000
15.320  0.0838210000
15.330  0.0571340000
15.340  0.0300060000
15.350  0.0003015900
15.360  -0.0281980000
15.370  -0.0489250000
15.380  -0.0621440000
15.390  -0.0719620000
15.400  -0.0771170000
15.410  -0.0752330000
15.420  -0.0716400000
15.430  -0.0716640000
15.440  -0.0713590000
15.450  -0.0675860000
15.460  -0.0672240000
15.470  -0.0739830000
15.480  -0.0739390000
15.490  -0.0582240000
15.500  -0.0414050000
15.510  -0.0419770000
15.520  -0.0512400000
15.530  -0.0535700000
15.540  -0.0506880000
15.550  -0.0531510000
15.560  -0.0575780000
15.570  -0.0572120000
15.580  -0.0572000000
15.590  -0.0654910000
15.600  -0.0769770000
15.610  -0.0827110000
15.620  -0.0851540000
15.630  -0.0905870000
15.640  -0.0961430000
15.650  -0.0954470000
15.660  -0.0888950000
15.670  -0.0816700000
15.680  -0.0770500000
15.690  -0.0746850000
15.700  -0.0711450000
15.710  -0.0629930000
15.720  -0.0521550000
15.730  -0.0448040000
15.740  -0.0419190000
15.750  -0.0359230000
15.760  -0.0210320000
15.770  -0.0013255000
15.780  0.0163300000
15.790  0.0325660000
15.800  0.0525870000
15.810  0.0766820000
15.820  0.0997880000
15.830  0.1181100000
15.840  0.1315700000
15.850  0.1403000000
15.860  0.1432500000
15.870  0.1393100000
15.880  0.1282400000
15.890  0.1101300000
15.900  0.0865740000
15.910  0.0605680000
15.920  0.0352210000
15.930  0.0122860000
15.940  -0.0068334000
15.950  -0.0208870000
15.960  -0.0287610000
15.970  -0.0289110000
15.980  -0.0187980000
15.990  0.0020569000
16.000  0.0281670000
16.010  0.0506280000
16.020  0.0661570000
16.030  0.0798750000
16.040  0.0961360000
16.050  0.1102700000
16.060  0.1147700000
16.070  0.1106700000
16.080  0.1060100000
16.090  0.1029000000
16.100  0.0943050000
16.110  0.0765540000
16.120  0.0573380000
16.130  0.0456280000
16.140  0.0392820000
16.150  0.0297980000
16.160  0.0160240000
16.170  0.0059652000
16.180  0.0055703000
16.190  0.0125050000
16.200  0.0220970000
16.210  0.0331780000
16.220  0.0454590000
16.230  0.0558210000
16.240  0.0615580000
16.250  0.0638990000
16.260  0.0649670000
16.270  0.0633610000
16.280  0.0572270000
16.290  0.0484810000
16.300  0.0400140000
16.310  0.0305110000
16.320  0.0174220000
16.330  0.0029699000
16.340  -0.0077655000
16.350  -0.0133510000
16.360  -0.0161970000
16.370  -0.0174120000
16.380  -0.0163790000
16.390  -0.0139950000
16.400  -0.0123810000
16.410  -0.0116460000
16.420  -0.0108410000
16.430  -0.0105080000
16.440  -0.0115160000
16.450  -0.0120380000
16.460  -0.0093450000
16.470  -0.0034880000
16.480  0.0025277000
16.490  0.0057899000
16.500  0.0043575000
16.510  -0.0033930000
16.520  -0.0173460000
16.530  -0.0346810000
16.540  -0.0522090000
16.550  -0.0695940000
16.560  -0.0882000000
16.570  -0.1083500000
16.580  -0.1287100000
16.590  -0.1485300000
16.600  -0.1687700000
16.610  -0.1898300000
16.620  -0.2087200000
16.630  -0.2203700000
16.640  -0.2222600000
16.650  -0.2155300000
16.660  -0.2016200000
16.670  -0.1793800000
16.680  -0.1478900000
16.690  -0.1092300000
16.700  -0.0665280000
16.710  -0.0206720000
16.720  0.0265350000
16.730  0.0695700000
16.740  0.1031800000
16.750  0.1279600000
16.760  0.1469800000
16.770  0.1599000000
16.780  0.1651400000
16.790  0.1647000000
16.800  0.1616600000
16.810  0.1555300000
16.820  0.1450000000
16.830  0.1317500000
16.840  0.1173200000
16.850  0.0996720000
16.860  0.0776650000
16.870  0.0557560000
16.880  0.0398810000
16.890  0.0315400000
16.900  0.0285950000
16.910  0.0286990000
16.920  0.0294310000
16.930  0.0286510000
16.940  0.0257390000
16.950  0.0200600000
16.960  0.0094473000
16.970  -0.0059019000
16.980  -0.0205920000
16.990  -0.0302800000
17.000  -0.0378730000
17.010  -0.0481530000
17.020  -0.0594000000
17.030  -0.0667260000
17.040  -0.0701550000
17.050  -0.0731710000
17.060  -0.0755840000
17.070  -0.0743350000
17.080  -0.0697440000
17.090  -0.0655040000
17.100  -0.0631060000
17.110  -0.0605090000
17.120  -0.0560550000
17.130  -0.0504060000
17.140  -0.0440870000
17.150  -0.0357610000
17.160  -0.0242280000
17.170  -0.0108630000
17.180  0.0022310000
17.190  0.0156050000
17.200  0.0323050000
17.210  0.0533400000
17.220  0.0756280000
17.230  0.0955490000
17.240  0.1124700000
17.250  0.1269500000
17.260  0.1378500000
17.270  0.1433600000
17.280  0.1430300000
17.290  0.1375800000
17.300  0.1281800000
17.310  0.1158700000
17.320  0.1006500000
17.330  0.0816940000
17.340  0.0596490000
17.350  0.0364080000
17.360  0.0113530000
17.370  -0.0181950000
17.380  -0.0514700000
17.390  -0.0833030000
17.400  -0.1111200000
17.410  -0.1366300000
17.420  -0.1581200000
17.430  -0.1686000000
17.440  -0.1647400000
17.450  -0.1506100000
17.460  -0.1294400000
17.470  -0.1005700000
17.480  -0.0666240000
17.490  -0.0359400000
17.500  -0.0136420000
17.510  0.0024928000
17.520  0.0163680000
17.530  0.0292460000
17.540  0.0412560000
17.550  0.0503340000
17.560  0.0508650000
17.570  0.0396940000
17.580  0.0202940000
17.590  -0.0031041000
17.600  -0.0313030000
17.610  -0.0635000000
17.620  -0.0932380000
17.630  -0.1160000000
17.640  -0.1353600000
17.650  -0.1546500000
17.660  -0.1703000000
17.670  -0.1786000000
17.680  -0.1820400000
17.690  -0.1839000000
17.700  -0.1826500000
17.710  -0.1760900000
17.720  -0.1650600000
17.730  -0.1501700000
17.740  -0.1298500000
17.750  -0.1043700000
17.760  -0.0764720000
17.770  -0.0472200000
17.780  -0.0156280000
17.790  0.0172400000
17.800  0.0485200000
17.810  0.0776180000
17.820  0.1061600000
17.830  0.1339100000
17.840  0.1584300000
17.850  0.1784500000
17.860  0.1936600000
17.870  0.2023100000
17.880  0.2022200000
17.890  0.1937800000
17.900  0.1789900000
17.910  0.1585600000
17.920  0.1327000000
17.930  0.1037300000
17.940  0.0753620000
17.950  0.0493700000
17.960  0.0255470000
17.970  0.0039051000
17.980  -0.0146090000
17.990  -0.0301190000
18.000  -0.0440250000
18.010  -0.0573410000
18.020  -0.0691440000
18.030  -0.0776740000
18.040  -0.0828790000
18.050  -0.0872670000
18.060  -0.0928840000
18.070  -0.0979630000
18.080  -0.0991630000
18.090  -0.0965570000
18.100  -0.0928050000
18.110  -0.0867480000
18.120  -0.0729860000
18.130  -0.0497980000
18.140  -0.0235100000
18.150  -0.0014811000
18.160  0.0151000000
18.170  0.0291570000
18.180  0.0416020000
18.190  0.0513040000
18.200  0.0584510000
18.210  0.0650920000
18.220  0.0725190000
18.230  0.0808260000
18.240  0.0902640000
18.250  0.1018600000
18.260  0.1155900000
18.270  0.1288400000
18.280  0.1368800000
18.290  0.1359200000
18.300  0.1255000000
18.310  0.1077500000
18.320  0.0844740000
18.330  0.0565850000
18.340  0.0259940000
18.350  -0.0042644000
18.360  -0.0324320000
18.370  -0.0578160000
18.380  -0.0788970000
18.390  -0.0940670000
18.400  -0.1042700000
18.410  -0.1112700000
18.420  -0.1139000000
18.430  -0.1108500000
18.440  -0.1057000000
18.450  -0.1031500000
18.460  -0.1003000000
18.470  -0.0898910000
18.480  -0.0709630000
18.490  -0.0490320000
18.500  -0.0250130000
18.510  0.0058423000
18.520  0.0436150000
18.530  0.0807240000
18.540  0.1120200000
18.550  0.1376600000
18.560  0.1569300000
18.570  0.1664100000
18.580  0.1654300000
18.590  0.1545600000
18.600  0.1326900000
18.610  0.1000200000
18.620  0.0627470000
18.630  0.0270090000
18.640  -0.0076088000
18.650  -0.0441230000
18.660  -0.0802550000
18.670  -0.1109900000
18.680  -0.1352300000
18.690  -0.1549800000
18.700  -0.1707000000
18.710  -0.1806100000
18.720  -0.1824400000
18.730  -0.1743400000
18.740  -0.1564300000
18.750  -0.1306800000
18.760  -0.0985620000
18.770  -0.0599540000
18.780  -0.0159100000
18.790  0.0313860000
18.800  0.0815320000
18.810  0.1357600000
18.820  0.1908900000
18.830  0.2406100000
18.840  0.2817300000
18.850  0.3152400000
18.860  0.3392400000
18.870  0.3479300000
18.880  0.3375600000
18.890  0.3097800000
18.900  0.2682200000
18.910  0.2162500000
18.920  0.1581000000
18.930  0.0982220000
18.940  0.0400300000
18.950  -0.0125510000
18.960  -0.0543370000
18.970  -0.0835540000
18.980  -0.1041300000
18.990  -0.1204300000
19.000  -0.1313000000
19.010  -0.1324800000
19.020  -0.1219000000
19.030  -0.1015000000
19.040  -0.0756890000
19.050  -0.0487120000
19.060  -0.0218260000
19.070  0.0064393000
19.080  0.0354800000
19.090  0.0610410000
19.100  0.0800180000
19.110  0.0949690000
19.120  0.1092700000
19.130  0.1214700000
19.140  0.1268700000
19.150  0.1237300000
19.160  0.1138700000
19.170  0.0996550000
19.180  0.0818260000
19.190  0.0589120000
19.200  0.0291370000
19.210  -0.0056657000
19.220  -0.0392690000
19.230  -0.0680010000
19.240  -0.0943520000
19.250  -0.1215400000
19.260  -0.1476600000
19.270  -0.1702200000
19.280  -0.1909200000
19.290  -0.2115500000
19.300  -0.2285700000
19.310  -0.2376600000
19.320  -0.2392800000
19.330  -0.2355900000
19.340  -0.2256300000
19.350  -0.2081700000
19.360  -0.1850300000
19.370  -0.1587300000
19.380  -0.1311600000
19.390  -0.1060100000
19.400  -0.0872670000
19.410  -0.0745090000
19.420  -0.0651090000
19.430  -0.0603290000
19.440  -0.0624480000
19.450  -0.0675040000
19.460  -0.0680950000
19.470  -0.0632890000
19.480  -0.0581820000
19.490  -0.0546360000
19.500  -0.0491350000
19.510  -0.0389570000
19.520  -0.0250610000
19.530  -0.0093226000
19.540  0.0059927000
19.550  0.0185360000
19.560  0.0276570000
19.570  0.0343910000
19.580  0.0377210000
19.590  0.0358490000
19.600  0.0309520000
19.610  0.0279450000
19.620  0.0269640000
19.630  0.0234470000
19.640  0.0155380000
19.650  0.0064961000
19.660  -0.0016412000
19.670  -0.0103770000
19.680  -0.0207810000
19.690  -0.0310420000
19.700  -0.0396500000
19.710  -0.0470300000
19.720  -0.0542610000
19.730  -0.0619840000
19.740  -0.0706310000
19.750  -0.0798770000
19.760  -0.0881630000
19.770  -0.0935820000
19.780  -0.0946650000
19.790  -0.0900760000
19.800  -0.0783280000
19.810  -0.0586530000
19.820  -0.0315410000
19.830  0.0012252000
19.840  0.0369850000
19.850  0.0728780000
19.860  0.1067900000
19.870  0.1370100000
19.880  0.1615000000
19.890  0.1781600000
19.900  0.1867200000
19.910  0.1888800000
19.920  0.1862200000
19.930  0.1791300000
19.940  0.1686900000
19.950  0.1574100000
19.960  0.1469600000
19.970  0.1364400000
19.980  0.1236200000
19.990  0.1072200000
20.000  0.0883230000
20.010  0.0701500000
20.020  0.0561330000
20.030  0.0462240000
20.040  0.0363300000
20.050  0.0238640000
20.060  0.0120290000
20.070  0.0039087000
20.080  -0.0038534000
20.090  -0.0155020000
20.100  -0.0270760000
20.110  -0.0311140000
20.120  -0.0279690000
20.130  -0.0251680000
20.140  -0.0254240000
20.150  -0.0245590000
20.160  -0.0205110000
20.170  -0.0170330000
20.180  -0.0162930000
20.190  -0.0162080000
20.200  -0.0152780000
20.210  -0.0152230000
20.220  -0.0168390000
20.230  -0.0184810000
20.240  -0.0189260000
20.250  -0.0189770000
20.260  -0.0193160000
20.270  -0.0192970000
20.280  -0.0181130000
20.290  -0.0151510000
20.300  -0.0099683000
20.310  -0.0024747000
20.320  0.0067944000
20.330  0.0179970000
20.340  0.0313790000
20.350  0.0455140000
20.360  0.0575200000
20.370  0.0652660000
20.380  0.0678300000
20.390  0.0642260000
20.400  0.0546810000
20.410  0.0411050000
20.420  0.0248240000
20.430  0.0043615000
20.440  -0.0201310000
20.450  -0.0434620000
20.460  -0.0597220000
20.470  -0.0692170000
20.480  -0.0763680000
20.490  -0.0829150000
20.500  -0.0875340000
20.510  -0.0897710000
20.520  -0.0905830000
20.530  -0.0898350000
20.540  -0.0872010000
20.550  -0.0832600000
20.560  -0.0786560000
20.570  -0.0739480000
20.580  -0.0715200000
20.590  -0.0728940000
20.600  -0.0743430000
20.610  -0.0704370000
20.620  -0.0626230000
20.630  -0.0573110000
20.640  -0.0551440000
20.650  -0.0493500000
20.660  -0.0362460000
20.670  -0.0205810000
20.680  -0.0074691000
20.690  0.0035694000
20.700  0.0155980000
20.710  0.0295280000
20.720  0.0457870000
20.730  0.0644070000
20.740  0.0831170000
20.750  0.0981350000
20.760  0.1090300000
20.770  0.1180700000
20.780  0.1243900000
20.790  0.1239200000
20.800  0.1155000000
20.810  0.1020800000
20.820  0.0853730000
20.830  0.0650970000
20.840  0.0436590000
20.850  0.0262150000
20.860  0.0132550000
20.870  -0.0003581300
20.880  -0.0166580000
20.890  -0.0287540000
20.900  -0.0299610000
20.910  -0.0226500000
20.920  -0.0151000000
20.930  -0.0101710000
20.940  -0.0036417000
20.950  0.0086953000
20.960  0.0252760000
20.970  0.0424570000
20.980  0.0588850000
20.990  0.0749980000
21.000  0.0914890000
21.010  0.1091300000
21.020  0.1279200000
21.030  0.1445300000
21.040  0.1550100000
21.050  0.1582200000
21.060  0.1559400000
21.070  0.1480200000
21.080  0.1340500000
21.090  0.1175100000
21.100  0.1041600000
21.110  0.0937270000
21.120  0.0809800000
21.130  0.0645410000
21.140  0.0495630000
21.150  0.0395220000
21.160  0.0322170000
21.170  0.0249750000
21.180  0.0185650000
21.190  0.0139610000
21.200  0.0095159000
21.210  0.0034322000
21.220  -0.0045219000
21.230  -0.0140930000
21.240  -0.0257630000
21.250  -0.0396220000
21.260  -0.0552690000
21.270  -0.0717310000
21.280  -0.0874820000
21.290  -0.1005400000
21.300  -0.1106200000
21.310  -0.1194900000
21.320  -0.1286400000
21.330  -0.1373200000
21.340  -0.1440300000
21.350  -0.1482500000
21.360  -0.1498700000
21.370  -0.1481700000
21.380  -0.1423200000
21.390  -0.1323900000
21.400  -0.1194500000
21.410  -0.1052600000
21.420  -0.0913790000
21.430  -0.0781510000
21.440  -0.0652890000
21.450  -0.0532540000
21.460  -0.0435840000
21.470  -0.0373540000
21.480  -0.0346400000
21.490  -0.0348070000
21.500  -0.0370340000
21.510  -0.0406110000
21.520  -0.0459830000
21.530  -0.0549660000
21.540  -0.0680750000
21.550  -0.0830490000
21.560  -0.0974240000
21.570  -0.1113800000
21.580  -0.1250100000
21.590  -0.1350700000
21.600  -0.1371200000
21.610  -0.1301100000
21.620  -0.1165600000
21.630  -0.0992330000
21.640  -0.0795220000
21.650  -0.0579180000
21.660  -0.0351670000
21.670  -0.0128890000
21.680  0.0061629000
21.690  0.0199930000
21.700  0.0286630000
21.710  0.0334550000
21.720  0.0344170000
21.730  0.0312620000
21.740  0.0247160000
21.750  0.0163360000
21.760  0.0073350000
21.770  -0.0006168700
21.780  -0.0059644000
21.790  -0.0088661000
21.800  -0.0109450000
21.810  -0.0119500000
21.820  -0.0100760000
21.830  -0.0056107000
21.840  -0.0014418000
21.850  0.0018765000
21.860  0.0073458000
21.870  0.0163930000
21.880  0.0265230000
21.890  0.0359800000
21.900  0.0469250000
21.910  0.0608340000
21.920  0.0750030000
21.930  0.0862100000
21.940  0.0946480000
21.950  0.1009000000
21.960  0.1022400000
21.970  0.0958970000
21.980  0.0841020000
21.990  0.0725770000
22.000  0.0650080000
22.010  0.0615480000
22.020  0.0615220000
22.030  0.0653470000
22.040  0.0739090000
22.050  0.0864640000
22.060  0.0996380000
22.070  0.1096400000
22.080  0.1161900000
22.090  0.1217300000
22.100  0.1257800000
22.110  0.1230700000
22.120  0.1099400000
22.130  0.0894280000
22.140  0.0666810000
22.150  0.0426970000
22.160  0.0163170000
22.170  -0.0105620000
22.180  -0.0339800000
22.190  -0.0523560000
22.200  -0.0661340000
22.210  -0.0751570000
22.220  -0.0788380000
22.230  -0.0778840000
22.240  -0.0729650000
22.250  -0.0633390000
22.260  -0.0493250000
22.270  -0.0342010000
22.280  -0.0217160000
22.290  -0.0122620000
22.300  -0.0043497000
22.310  0.0025007000
22.320  0.0075228000
22.330  0.0109130000
22.340  0.0137730000
22.350  0.0160050000
22.360  0.0160720000
22.370  0.0135300000
22.380  0.0100870000
22.390  0.0073503000
22.400  0.0044912000
22.410  0.0005325000
22.420  -0.0032752000
22.430  -0.0047066000
22.440  -0.0042757000
22.450  -0.0040090000
22.460  -0.0042417000
22.470  -0.0041316000
22.480  -0.0045792000
22.490  -0.0070689000
22.500  -0.0097088000
22.510  -0.0093065000
22.520  -0.0058884000
22.530  -0.0025865000
22.540  0.0000084033
22.550  0.0031888000
22.560  0.0070402000
22.570  0.0100770000
22.580  0.0131450000
22.590  0.0173950000
22.600  0.0212630000
22.610  0.0214980000
22.620  0.0178620000
22.630  0.0124030000
22.640  0.0062780000
22.650  -0.0002603500
22.660  -0.0065481000
22.670  -0.0120700000
22.680  -0.0167240000
22.690  -0.0189530000
22.700  -0.0169120000
22.710  -0.0112050000
22.720  -0.0047006000
22.730  0.0018518000
22.740  0.0100930000
22.750  0.0202480000
22.760  0.0298870000
22.770  0.0375460000
22.780  0.0434840000
22.790  0.0474690000
22.800  0.0484820000
22.810  0.0467450000
22.820  0.0429720000
22.830  0.0362330000
22.840  0.0251990000
22.850  0.0114930000
22.860  -0.0017078000
22.870  -0.0138620000
22.880  -0.0262170000
22.890  -0.0378310000
22.900  -0.0470090000
22.910  -0.0552850000
22.920  -0.0644020000
22.930  -0.0707750000
22.940  -0.0693780000
22.950  -0.0627200000
22.960  -0.0579650000
22.970  -0.0561200000
22.980  -0.0510590000
22.990  -0.0406910000
23.000  -0.0297810000
23.010  -0.0218500000
23.020  -0.0144300000
23.030  -0.0057156000
23.040  0.0020239000
23.050  0.0061871000
23.060  0.0073758000
23.070  0.0078298000
23.080  0.0099395000
23.090  0.0148750000
23.100  0.0211910000
23.110  0.0258740000
23.120  0.0280760000
23.130  0.0292440000
23.140  0.0300900000
23.150  0.0297620000
23.160  0.0283180000
23.170  0.0266080000
23.180  0.0242640000
23.190  0.0206220000
23.200  0.0168220000
23.210  0.0149590000
23.220  0.0150430000
23.230  0.0160080000
23.240  0.0177600000
23.250  0.0208840000
23.260  0.0249840000
23.270  0.0292250000
23.280  0.0330790000
23.290  0.0360580000
23.300  0.0377180000
23.310  0.0375570000
23.320  0.0348470000
23.330  0.0285430000
23.340  0.0184460000
23.350  0.0056559000
23.360  -0.0086061000
23.370  -0.0243660000
23.380  -0.0415050000
23.390  -0.0585180000
23.400  -0.0736030000
23.410  -0.0859790000
23.420  -0.0947330000
23.430  -0.0978270000
23.440  -0.0942450000
23.450  -0.0860840000
23.460  -0.0768050000
23.470  -0.0670120000
23.480  -0.0545200000
23.490  -0.0379400000
23.500  -0.0189460000
23.510  -0.0005925900
23.520  0.0149030000
23.530  0.0271730000
23.540  0.0368340000
23.550  0.0439480000
23.560  0.0475790000
23.570  0.0479200000
23.580  0.0472700000
23.590  0.0475640000
23.600  0.0475330000
23.610  0.0445770000
23.620  0.0381900000
23.630  0.0296010000
23.640  0.0188910000
23.650  0.0054528000
23.660  -0.0097251000
23.670  -0.0249480000
23.680  -0.0398880000
23.690  -0.0547420000
23.700  -0.0680320000
23.710  -0.0780070000
23.720  -0.0840640000
23.730  -0.0863030000
23.740  -0.0836900000
23.750  -0.0757060000
23.760  -0.0636420000
23.770  -0.0497060000
23.780  -0.0346410000
23.790  -0.0185230000
23.800  -0.0024290000
23.810  0.0119530000
23.820  0.0235090000
23.830  0.0319000000
23.840  0.0369240000
23.850  0.0388480000
23.860  0.0380850000
23.870  0.0348840000
23.880  0.0286610000
23.890  0.0189390000
23.900  0.0062501000
23.910  -0.0074989000
23.920  -0.0202020000
23.930  -0.0307550000
23.940  -0.0394980000
23.950  -0.0468320000
23.960  -0.0514050000
23.970  -0.0505210000
23.980  -0.0430000000
23.990  -0.0306630000
24.000  -0.0165360000
24.010  -0.0023688000
24.020  0.0108400000
24.030  0.0213770000
24.040  0.0272240000
24.050  0.0284480000
24.060  0.0276800000
24.070  0.0282330000
24.080  0.0311200000
24.090  0.0343600000
24.100  0.0355070000
24.110  0.0348590000
24.120  0.0345880000
24.130  0.0353790000
24.140  0.0354060000
24.150  0.0334430000
24.160  0.0302920000
24.170  0.0267940000
24.180  0.0218700000
24.190  0.0147790000
24.200  0.0062081000
24.210  -0.0027222000
24.220  -0.0114020000
24.230  -0.0184650000
24.240  -0.0232100000
24.250  -0.0262860000
24.260  -0.0282280000
24.270  -0.0273920000
24.280  -0.0234350000
24.290  -0.0188340000
24.300  -0.0153900000
24.310  -0.0109990000
24.320  -0.0040947000
24.330  0.0028128000
24.340  0.0069756000
24.350  0.0094388000
24.360  0.0121220000
24.370  0.0144360000
24.380  0.0156660000
24.390  0.0161080000
24.400  0.0148350000
24.410  0.0109410000
24.420  0.0078803000
24.430  0.0098889000
24.440  0.0145050000
24.450  0.0150850000
24.460  0.0110580000
24.470  0.0080928000
24.480  0.0084194000
24.490  0.0084728000
24.500  0.0063386000
24.510  0.0048774000
24.520  0.0061039000
24.530  0.0081764000
24.540  0.0088434000
24.550  0.0088215000
24.560  0.0104590000
24.570  0.0155930000
24.580  0.0239910000
24.590  0.0328710000
24.600  0.0391680000
24.610  0.0428390000
24.620  0.0457490000
24.630  0.0480440000
24.640  0.0480010000
24.650  0.0451160000
24.660  0.0406360000
24.670  0.0351460000
24.680  0.0271180000
24.690  0.0155920000
24.700  0.0018010000
24.710  -0.0118580000
24.720  -0.0244340000
24.730  -0.0355440000
24.740  -0.0438450000
24.750  -0.0468560000
24.760  -0.0442240000
24.770  -0.0381090000
24.780  -0.0297080000
24.790  -0.0173370000
24.800  -0.0007919200
24.810  0.0161850000
24.820  0.0297680000
24.830  0.0402230000
24.840  0.0485830000
24.850  0.0530850000
24.860  0.0515390000
24.870  0.0456830000
24.880  0.0389440000
24.890  0.0320290000
24.900  0.0235740000
24.910  0.0137560000
24.920  0.0043762000
24.930  -0.0042265000
24.940  -0.0134160000
24.950  -0.0243470000
24.960  -0.0361160000
24.970  -0.0460250000
24.980  -0.0513790000
24.990  -0.0522310000
25.000  -0.0503880000
25.010  -0.0459210000
25.020  -0.0371850000
25.030  -0.0251060000
25.040  -0.0140310000
25.050  -0.0064738000
25.060  0.0000492770
25.070  0.0090041000
25.080  0.0193640000
25.090  0.0269240000
25.100  0.0287620000
25.110  0.0247660000
25.120  0.0166730000
25.130  0.0073242000
25.140  -0.0012729000
25.150  -0.0095147000
25.160  -0.0177610000
25.170  -0.0240660000
25.180  -0.0265510000
25.190  -0.0266250000
25.200  -0.0261540000
25.210  -0.0241620000
25.220  -0.0187320000
25.230  -0.0111910000
25.240  -0.0043949000
25.250  0.0009039400
25.260  0.0051115000
25.270  0.0070901000
25.280  0.0058567000
25.290  0.0032041000
25.300  0.0010605000
25.310  -0.0010025000
25.320  -0.0035576000
25.330  -0.0050494000
25.340  -0.0048102000
25.350  -0.0042639000
25.360  -0.0035837000
25.370  -0.0004434400
25.380  0.0059216000
25.390  0.0129980000
25.400  0.0187930000
25.410  0.0242880000
25.420  0.0302790000
25.430  0.0347700000
25.440  0.0359980000
25.450  0.0350830000
25.460  0.0335020000
25.470  0.0313310000
25.480  0.0288500000
25.490  0.0270250000
25.500  0.0255730000
25.510  0.0228400000
25.520  0.0174760000
25.530  0.0093112000
25.540  -0.0008231900
25.550  -0.0113700000
25.560  -0.0206070000
25.570  -0.0279480000
25.580  -0.0343160000
25.590  -0.0406690000
25.600  -0.0466520000
25.610  -0.0510110000
25.620  -0.0523870000
25.630  -0.0496070000
25.640  -0.0425840000
25.650  -0.0324760000
25.660  -0.0201610000
25.670  -0.0053321000
25.680  0.0114000000
25.690  0.0277220000
25.700  0.0418900000
25.710  0.0544780000
25.720  0.0661120000
25.730  0.0752710000
25.740  0.0802350000
25.750  0.0816520000
25.760  0.0811240000
25.770  0.0779960000
25.780  0.0701600000
25.790  0.0574850000
25.800  0.0424440000
25.810  0.0273820000
25.820  0.0130480000
25.830  -0.0003129100
25.840  -0.0121030000
25.850  -0.0215140000
25.860  -0.0275950000
25.870  -0.0301800000
25.880  -0.0308260000
25.890  -0.0310670000
25.900  -0.0299630000
25.910  -0.0254490000
25.920  -0.0182480000
25.930  -0.0117940000
25.940  -0.0083739000
25.950  -0.0070806000
25.960  -0.0060188000
25.970  -0.0045281000
25.980  -0.0034458000
25.990  -0.0046116000
26.000  -0.0089080000
26.010  -0.0142760000
26.020  -0.0180870000
26.030  -0.0217200000
26.040  -0.0288640000
26.050  -0.0387990000
26.060  -0.0460550000
26.070  -0.0480580000
26.080  -0.0489270000
26.090  -0.0530030000
26.100  -0.0589890000
26.110  -0.0630990000
26.120  -0.0648210000
26.130  -0.0660710000
26.140  -0.0671980000
26.150  -0.0668750000
26.160  -0.0652500000
26.170  -0.0641240000
26.180  -0.0639500000
26.190  -0.0629910000
26.200  -0.0602850000
26.210  -0.0569910000
26.220  -0.0538850000
26.230  -0.0498270000
26.240  -0.0440560000
26.250  -0.0378080000
26.260  -0.0322320000
26.270  -0.0264540000
26.280  -0.0192500000
26.290  -0.0110900000
26.300  -0.0034085000
26.310  0.0028688000
26.320  0.0074574000
26.330  0.0102650000
26.340  0.0116290000
26.350  0.0120020000
26.360  0.0118760000
26.370  0.0119450000
26.380  0.0128970000
26.390  0.0146070000
26.400  0.0165040000
26.410  0.0190730000
26.420  0.0233050000
26.430  0.0286570000
26.440  0.0332020000
26.450  0.0367300000
26.460  0.0413590000
26.470  0.0483140000
26.480  0.0562330000
26.490  0.0630710000
26.500  0.0678210000
26.510  0.0699880000
26.520  0.0697360000
26.530  0.0678250000
26.540  0.0000000000
26.550  0.0000000000
26.560  0.0000000000
26.570  0.0000000000
26.580  0.0000000000
