 0.000   0.0000000
 0.010   0.0052847
 0.020   0.0142640
 0.030   0.0196380
 0.040   0.0199810
 0.050   0.0252490
 0.060   0.0377610
 0.070   0.0436250
 0.080   0.0301420
 0.090   0.0090399
 0.100   0.0058630
 0.110   0.0188030
 0.120   0.0226170
 0.130   0.0109630
 0.140   0.0051493
 0.150   0.0134950
 0.160   0.0185330
 0.170   0.0093082
 0.180   0.0022133
 0.190   0.0095773
 0.200   0.0164510
 0.210   0.0079754
 0.220  -0.0006848
 0.230   0.0104540
 0.240   0.0310080
 0.250   0.0331580
 0.260   0.0127670
 0.270  -0.0069149
 0.280  -0.0055289
 0.290   0.0109310
 0.300   0.0203760
 0.310   0.0119730
 0.320  -0.0006251
 0.330   0.0020675
 0.340   0.0177830
 0.350   0.0281620
 0.360   0.0259890
 0.370   0.0194120
 0.380   0.0110760
 0.390  -0.0030388
 0.400  -0.0148070
 0.410  -0.0087666
 0.420   0.0119470
 0.430   0.0263820
 0.440   0.0250200
 0.450   0.0156490
 0.460   0.0066810
 0.470   0.0031620
 0.480   0.0122420
 0.490   0.0272570
 0.500   0.0258240
 0.510   0.0017731
 0.520  -0.0173350
 0.530  -0.0104140
 0.540   0.0030741
 0.550  -0.0045489
 0.560  -0.0234040
 0.570  -0.0255280
 0.580  -0.0115040
 0.590  -0.0035573
 0.600  -0.0042416
 0.610   0.0033408
 0.620   0.0228220
 0.630   0.0373370
 0.640   0.0334670
 0.650   0.0133110
 0.660  -0.0126980
 0.670  -0.0332990
 0.680  -0.0387230
 0.690  -0.0265030
 0.700  -0.0089234
 0.710  -0.0037939
 0.720  -0.0134050
 0.730  -0.0216920
 0.740  -0.0176890
 0.750  -0.0077398
 0.760  -0.0020422
 0.770   0.0032200
 0.780   0.0168930
 0.790   0.0338520
 0.800   0.0354260
 0.810   0.0140720
 0.820  -0.0177800
 0.830  -0.0434570
 0.840  -0.0594310
 0.850  -0.0704870
 0.860  -0.0729140
 0.870  -0.0519960
 0.880  -0.0052880
 0.890   0.0401260
 0.900   0.0509030
 0.910   0.0272620
 0.920   0.0021862
 0.930  -0.0037354
 0.940  -0.0054686
 0.950  -0.0256060
 0.960  -0.0577780
 0.970  -0.0740400
 0.980  -0.0599970
 0.990  -0.0310340
 1.000  -0.0148410
 1.010  -0.0238060
 1.020  -0.0473240
 1.030  -0.0645210
 1.040  -0.0594970
 1.050  -0.0277310
 1.060   0.0178120
 1.070   0.0450650
 1.080   0.0275330
 1.090  -0.0199440
 1.100  -0.0477200
 1.110  -0.0257600
 1.120   0.0220230
 1.130   0.0451130
 1.140   0.0167060
 1.150  -0.0418910
 1.160  -0.0777850
 1.170  -0.0564080
 1.180  -0.0017531
 1.190   0.0251530
 1.200  -0.0014404
 1.210  -0.0442890
 1.220  -0.0626000
 1.230  -0.0638280
 1.240  -0.0717970
 1.250  -0.0807450
 1.260  -0.0750930
 1.270  -0.0580350
 1.280  -0.0336770
 1.290   0.0057019
 1.300   0.0497510
 1.310   0.0642050
 1.320   0.0385970
 1.330   0.0053920
 1.340  -0.0064880
 1.350  -0.0054598
 1.360  -0.0093620
 1.370  -0.0195840
 1.380  -0.0331290
 1.390  -0.0501330
 1.400  -0.0562060
 1.410  -0.0315470
 1.420   0.0155380
 1.430   0.0527980
 1.440   0.0675320
 1.450   0.0702880
 1.460   0.0599850
 1.470   0.0240780
 1.480  -0.0250590
 1.490  -0.0578090
 1.500  -0.0711240
 1.510  -0.0886400
 1.520  -0.1126200
 1.530  -0.1142300
 1.540  -0.0812270
 1.550  -0.0400060
 1.560  -0.0136880
 1.570   0.0042320
 1.580   0.0223860
 1.590   0.0308760
 1.600   0.0212910
 1.610   0.0013525
 1.620  -0.0114460
 1.630  -0.0029633
 1.640   0.0208820
 1.650   0.0320850
 1.660   0.0157960
 1.670  -0.0028371
 1.680   0.0055429
 1.690   0.0227450
 1.700   0.0179010
 1.710   0.0056789
 1.720   0.0142870
 1.730   0.0148360
 1.740  -0.0297900
 1.750  -0.0825760
 1.760  -0.0844130
 1.770  -0.0605680
 1.780  -0.0692810
 1.790  -0.0857650
 1.800  -0.0490390
 1.810   0.0131840
 1.820   0.0268730
 1.830   0.0047791
 1.840   0.0173110
 1.850   0.0618470
 1.860   0.0696740
 1.870   0.0283770
 1.880  -0.0083398
 1.890  -0.0152560
 1.900  -0.0161230
 1.910  -0.0226320
 1.920  -0.0257400
 1.930  -0.0302150
 1.940  -0.0368370
 1.950  -0.0232180
 1.960   0.0146470
 1.970   0.0382750
 1.980   0.0261930
 1.990   0.0051163
 2.000  -0.0031192
 2.010  -0.0163540
 2.020  -0.0428560
 2.030  -0.0598030
 2.040  -0.0543570
 2.050  -0.0404430
 2.060  -0.0126480
 2.070   0.0411080
 2.080   0.0857680
 2.090   0.0712290
 2.100   0.0258600
 2.110   0.0166500
 2.120   0.0287450
 2.130  -0.0063393
 2.140  -0.0693310
 2.150  -0.0711410
 2.160  -0.0108670
 2.170   0.0156100
 2.180  -0.0128470
 2.190  -0.0100190
 2.200   0.0516180
 2.210   0.0777140
 2.220   0.0138490
 2.230  -0.0644670
 2.240  -0.0715630
 2.250  -0.0275070
 2.260  -0.0022047
 2.270  -0.0162220
 2.280  -0.0376050
 2.290  -0.0325350
 2.300  -0.0016984
 2.310   0.0208690
 2.320   0.0060875
 2.330  -0.0180190
 2.340   0.0011081
 2.350   0.0514040
 2.360   0.0649040
 2.370   0.0348690
 2.380   0.0313010
 2.390   0.0718040
 2.400   0.0809110
 2.410   0.0228110
 2.420  -0.0334060
 2.430  -0.0308210
 2.440  -0.0083528
 2.450  -0.0110710
 2.460  -0.0059233
 2.470   0.0420320
 2.480   0.0888680
 2.490   0.0806280
 2.500   0.0469360
 2.510   0.0393750
 2.520   0.0372980
 2.530  -0.0031593
 2.540  -0.0519100
 2.550  -0.0425540
 2.560   0.0153980
 2.570   0.0480960
 2.580   0.0264050
 2.590   0.0023936
 2.600   0.0193460
 2.610   0.0582230
 2.620   0.0872870
 2.630   0.1131200
 2.640   0.1458900
 2.650   0.1624100
 2.660   0.1353600
 2.670   0.0694690
 2.680   0.0002245
 2.690  -0.0349700
 2.700  -0.0170670
 2.710   0.0462660
 2.720   0.1240900
 2.730   0.1791300
 2.740   0.2005700
 2.750   0.2202000
 2.760   0.2731400
 2.770   0.3514300
 2.780   0.4056600
 2.790   0.3963100
 2.800   0.3321500
 2.810   0.2513100
 2.820   0.1710700
 2.830   0.0805170
 2.840  -0.0143150
 2.850  -0.0695230
 2.860  -0.0545040
 2.870  -0.0026122
 2.880   0.0357210
 2.890   0.0787900
 2.900   0.1886900
 2.910   0.3458600
 2.920   0.4396100
 2.930   0.4209600
 2.940   0.3717300
 2.950   0.3429600
 2.960   0.2422000
 2.970   0.0000909
 2.980  -0.2547400
 2.990  -0.3423400
 3.000  -0.2806100
 3.010  -0.2296400
 3.020  -0.2469200
 3.030  -0.2610600
 3.040  -0.2459300
 3.050  -0.2419000
 3.060  -0.2252500
 3.070  -0.1287900
 3.080   0.0081248
 3.090   0.0771330
 3.100   0.0812560
 3.110   0.1181100
 3.120   0.1754600
 3.130   0.1330200
 3.140   0.0017453
 3.150  -0.0274190
 3.160   0.1255300
 3.170   0.2622000
 3.180   0.1687500
 3.190  -0.0761440
 3.200  -0.2302400
 3.210  -0.2376600
 3.220  -0.2691200
 3.230  -0.4374400
 3.240  -0.6531900
 3.250  -0.7781500
 3.260  -0.7852500
 3.270  -0.7251000
 3.280  -0.6339900
 3.290  -0.5080900
 3.300  -0.3092600
 3.310   0.0003870
 3.320   0.3882100
 3.330   0.7354800
 3.340   0.9405400
 3.350   0.9924300
 3.360   0.9162300
 3.370   0.7121600
 3.380   0.4224800
 3.390   0.1907900
 3.400   0.1679900
 3.410   0.3556400
 3.420   0.5720900
 3.430   0.5806800
 3.440   0.2947000
 3.450  -0.1168300
 3.460  -0.3882200
 3.470  -0.4406200
 3.480  -0.4130400
 3.490  -0.4107500
 3.500  -0.4131000
 3.510  -0.4565500
 3.520  -0.6468800
 3.530  -0.8781300
 3.540  -0.8240200
 3.550  -0.3781000
 3.560   0.1451000
 3.570   0.4320600
 3.580   0.5663300
 3.590   0.8211400
 3.600   1.2573000
 3.610   1.6745000
 3.620   1.7843000
 3.630   1.3698000
 3.640   0.5137200
 3.650  -0.3107700
 3.660  -0.6753800
 3.670  -0.7274200
 3.680  -0.9496200
 3.690  -1.3950000
 3.700  -1.5684000
 3.710  -1.1500000
 3.720  -0.4639000
 3.730  -0.0717340
 3.740  -0.1653900
 3.750  -0.5008900
 3.760  -0.7533700
 3.770  -0.8069500
 3.780  -0.7658500
 3.790  -0.7409800
 3.800  -0.6965900
 3.810  -0.5638600
 3.820  -0.3980400
 3.830  -0.2643400
 3.840  -0.1126300
 3.850   0.0396020
 3.860  -0.0835840
 3.870  -0.7085800
 3.880  -1.6296000
 3.890  -2.3512000
 3.900  -2.6024000
 3.910  -2.3768000
 3.920  -1.6961000
 3.930  -0.6355300
 3.940   0.4125800
 3.950   0.9121100
 3.960   0.6686400
 3.970   0.0463960
 3.980  -0.3967000
 3.990  -0.4397500
 4.000  -0.2828200
 4.010  -0.1729500
 4.020  -0.0474180
 4.030   0.3382000
 4.040   1.0197000
 4.050   1.6761000
 4.060   2.0106000
 4.070   2.0901000
 4.080   2.2085000
 4.090   2.4609000
 4.100   2.5866000
 4.110   2.2523000
 4.120   1.4882000
 4.130   0.7624300
 4.140   0.5077800
 4.150   0.6588700
 4.160   0.7624400
 4.170   0.5111900
 4.180   0.0215740
 4.190  -0.3942600
 4.200  -0.5607600
 4.210  -0.4935400
 4.220  -0.2823200
 4.230  -0.0249200
 4.240   0.2166800
 4.250   0.4424900
 4.260   0.6561100
 4.270   0.8106800
 4.280   0.8758500
 4.290   0.8948000
 4.300   0.9155100
 4.310   0.9059900
 4.320   0.7779300
 4.330   0.4507800
 4.340  -0.0956710
 4.350  -0.7545100
 4.360  -1.2891000
 4.370  -1.5140000
 4.380  -1.4925000
 4.390  -1.4313000
 4.400  -1.4186000
 4.410  -1.3983000
 4.420  -1.3638000
 4.430  -1.3725000
 4.440  -1.4265000
 4.450  -1.4601000
 4.460  -1.4303000
 4.470  -1.3003000
 4.480  -0.9989500
 4.490  -0.5049900
 4.500   0.0729500
 4.510   0.5803900
 4.520   0.9270700
 4.530   1.0318000
 4.540   0.8429600
 4.550   0.4554600
 4.560   0.0687130
 4.570  -0.2019600
 4.580  -0.3498300
 4.590  -0.3424700
 4.600  -0.1467700
 4.610   0.1419400
 4.620   0.3252500
 4.630   0.3395100
 4.640   0.2957200
 4.650   0.3103000
 4.660   0.3757000
 4.670   0.4338800
 4.680   0.4531800
 4.690   0.4430200
 4.700   0.4312700
 4.710   0.4290300
 4.720   0.4071100
 4.730   0.3141500
 4.740   0.1636400
 4.750   0.0283700
 4.760  -0.0088909
 4.770   0.0753030
 4.780   0.2478800
 4.790   0.4270500
 4.800   0.5487400
 4.810   0.5801700
 4.820   0.5029800
 4.830   0.3125500
 4.840   0.0834480
 4.850  -0.0337460
 4.860   0.0411370
 4.870   0.1930700
 4.880   0.2448800
 4.890   0.1888400
 4.900   0.1497400
 4.910   0.1551500
 4.920   0.1094800
 4.930  -0.0062946
 4.940  -0.0869530
 4.950  -0.0873740
 4.960  -0.1125300
 4.970  -0.2591700
 4.980  -0.4674600
 4.990  -0.5739000
 5.000  -0.4342700
 5.010  -0.0137320
 5.020   0.5163600
 5.030   0.7996700
 5.040   0.5712400
 5.050  -0.0369850
 5.060  -0.5845500
 5.070  -0.7050800
 5.080  -0.3641000
 5.090   0.1775900
 5.100   0.5375900
 5.110   0.4566300
 5.120   0.0381100
 5.130  -0.3068000
 5.140  -0.2667100
 5.150  -0.0018151
 5.160   0.0487020
 5.170  -0.2992000
 5.180  -0.7376400
 5.190  -0.8602600
 5.200  -0.6469000
 5.210  -0.4522000
 5.220  -0.5098000
 5.230  -0.6706300
 5.240  -0.6914100
 5.250  -0.5784800
 5.260  -0.4792800
 5.270  -0.3875600
 5.280  -0.2093000
 5.290   0.0153560
 5.300   0.1642400
 5.310   0.2747100
 5.320   0.4337800
 5.330   0.5664100
 5.340   0.5401700
 5.350   0.4286300
 5.360   0.4238200
 5.370   0.5486300
 5.380   0.6224700
 5.390   0.4988000
 5.400   0.2092200
 5.410  -0.1040400
 5.420  -0.3074300
 5.430  -0.3598000
 5.440  -0.3487400
 5.450  -0.3759300
 5.460  -0.4090800
 5.470  -0.3417200
 5.480  -0.1960800
 5.490  -0.1156100
 5.500  -0.1490600
 5.510  -0.1899300
 5.520  -0.1408400
 5.530  -0.0312610
 5.540   0.0718350
 5.550   0.1607200
 5.560   0.2631300
 5.570   0.3626200
 5.580   0.4265900
 5.590   0.4790200
 5.600   0.5818900
 5.610   0.7150700
 5.620   0.7422100
 5.630   0.5613400
 5.640   0.2567300
 5.650   0.0300370
 5.660  -0.0273960
 5.670   0.0062178
 5.680   0.0387520
 5.690   0.0835830
 5.700   0.1671900
 5.710   0.2341700
 5.720   0.2292200
 5.730   0.2034000
 5.740   0.2223500
 5.750   0.2315400
 5.760   0.1220700
 5.770  -0.0975530
 5.780  -0.3058900
 5.790  -0.4040800
 5.800  -0.3713100
 5.810  -0.2265800
 5.820  -0.0407780
 5.830   0.0848190
 5.840   0.1328000
 5.850   0.1822400
 5.860   0.2535900
 5.870   0.2825000
 5.880   0.2837700
 5.890   0.3540000
 5.900   0.4296200
 5.910   0.2977300
 5.920  -0.0563100
 5.930  -0.3464800
 5.940  -0.3767600
 5.950  -0.2560100
 5.960  -0.1407000
 5.970  -0.0206090
 5.980   0.1208500
 5.990   0.1998800
 6.000   0.2019100
 6.010   0.2460700
 6.020   0.3663800
 6.030   0.4138500
 6.040   0.2730800
 6.050   0.0082822
 6.060  -0.2827100
 6.070  -0.5795400
 6.080  -0.8472000
 6.090  -0.9932000
 6.100  -1.0042000
 6.110  -0.9782100
 6.120  -0.9815300
 6.130  -0.9768300
 6.140  -0.9415400
 6.150  -0.9165000
 6.160  -0.8924200
 6.170  -0.7641900
 6.180  -0.4943300
 6.190  -0.1932900
 6.200   0.0391250
 6.210   0.2199400
 6.220   0.3513600
 6.230   0.3668700
 6.240   0.2901900
 6.250   0.2753500
 6.260   0.3680400
 6.270   0.4128600
 6.280   0.2974000
 6.290   0.1445700
 6.300   0.1219300
 6.310   0.2469900
 6.320   0.4357000
 6.330   0.6130500
 6.340   0.7114000
 6.350   0.7153200
 6.360   0.6840700
 6.370   0.6434100
 6.380   0.5019600
 6.390   0.2056400
 6.400  -0.1051000
 6.410  -0.2290000
 6.420  -0.1327900
 6.430   0.0696420
 6.440   0.2433000
 6.450   0.2552700
 6.460   0.0420360
 6.470  -0.2587100
 6.480  -0.4151000
 6.490  -0.3774400
 6.500  -0.2966600
 6.510  -0.2645800
 6.520  -0.2072900
 6.530  -0.0740980
 6.540   0.0369450
 6.550   0.0193840
 6.560  -0.0853090
 6.570  -0.1605600
 6.580  -0.1709900
 6.590  -0.1740800
 6.600  -0.2165600
 6.610  -0.2804800
 6.620  -0.3227300
 6.630  -0.3245800
 6.640  -0.2869000
 6.650  -0.2150200
 6.660  -0.1134500
 6.670   0.0202630
 6.680   0.1928400
 6.690   0.3709900
 6.700   0.4904800
 6.710   0.5483700
 6.720   0.6091900
 6.730   0.6735000
 6.740   0.6617000
 6.750   0.5709300
 6.760   0.4931800
 6.770   0.4190600
 6.780   0.2347400
 6.790  -0.0344550
 6.800  -0.1922000
 6.810  -0.1484700
 6.820   0.0068111
 6.830   0.2034000
 6.840   0.3910100
 6.850   0.3704400
 6.860  -0.0329380
 6.870  -0.6272400
 6.880  -1.0099000
 6.890  -1.0612000
 6.900  -0.9738600
 6.910  -0.8640200
 6.920  -0.6649500
 6.930  -0.3744800
 6.940  -0.1003200
 6.950   0.1049000
 6.960   0.2311400
 6.970   0.2041000
 6.980  -0.0070530
 6.990  -0.2433900
 7.000  -0.3072000
 7.010  -0.1621000
 7.020   0.1044500
 7.030   0.4188800
 7.040   0.7147300
 7.050   0.9284200
 7.060   1.0398000
 7.070   1.0342000
 7.080   0.8342600
 7.090   0.4324700
 7.100   0.0365820
 7.110  -0.1077600
 7.120  -0.0362140
 7.130  -0.0093530
 7.140  -0.1529400
 7.150  -0.3242100
 7.160  -0.3439500
 7.170  -0.1873100
 7.180   0.0412940
 7.190   0.1870600
 7.200   0.0988300
 7.210  -0.2433900
 7.220  -0.6621000
 7.230  -0.9269600
 7.240  -0.9668400
 7.250  -0.8593000
 7.260  -0.6812900
 7.270  -0.4613500
 7.280  -0.2362600
 7.290  -0.0313100
 7.300   0.1783400
 7.310   0.4101800
 7.320   0.6120700
 7.330   0.7238000
 7.340   0.7483400
 7.350   0.7152100
 7.360   0.6260300
 7.370   0.4837700
 7.380   0.3118000
 7.390   0.1068200
 7.400  -0.1562200
 7.410  -0.4212400
 7.420  -0.5410900
 7.430  -0.4221200
 7.440  -0.1302000
 7.450   0.1841600
 7.460   0.3945300
 7.470   0.4263900
 7.480   0.2652700
 7.490  -0.0049487
 7.500  -0.2265500
 7.510  -0.2875600
 7.520  -0.2036000
 7.530  -0.0818760
 7.540  -0.0268730
 7.550  -0.0758590
 7.560  -0.1796500
 7.570  -0.2538500
 7.580  -0.2716700
 7.590  -0.2914400
 7.600  -0.3663100
 7.610  -0.4599000
 7.620  -0.4898700
 7.630  -0.4226000
 7.640  -0.2858000
 7.650  -0.1180900
 7.660   0.0414710
 7.670   0.1405500
 7.680   0.1392400
 7.690   0.0519820
 7.700  -0.0583970
 7.710  -0.1253000
 7.720  -0.1147300
 7.730  -0.0386660
 7.740   0.0550330
 7.750   0.1213400
 7.760   0.1601300
 7.770   0.2161300
 7.780   0.3294400
 7.790   0.4826400
 7.800   0.5925000
 7.810   0.5734600
 7.820   0.4325800
 7.830   0.2826100
 7.840   0.2214300
 7.850   0.2158800
 7.860   0.1568500
 7.870   0.0176410
 7.880  -0.1073500
 7.890  -0.1298900
 7.900  -0.0737360
 7.910  -0.0310140
 7.920  -0.0554060
 7.930  -0.1237400
 7.940  -0.1832500
 7.950  -0.2036400
 7.960  -0.1854400
 7.970  -0.1369400
 7.980  -0.0691800
 7.990  -0.0073616
 8.000   0.0164230
 8.010   0.0012057
 8.020  -0.0114000
 8.030   0.0172950
 8.040   0.0793270
 8.050   0.1251500
 8.060   0.1074900
 8.070   0.0138900
 8.080  -0.1083600
 8.090  -0.1804300
 8.100  -0.1596900
 8.110  -0.0896810
 8.120  -0.0407950
 8.130  -0.0354070
 8.140  -0.0493450
 8.150  -0.0730810
 8.160  -0.1244200
 8.170  -0.2034700
 8.180  -0.2618800
 8.190  -0.2381300
 8.200  -0.1271200
 8.210  -0.0069792
 8.220   0.0174810
 8.230  -0.0876590
 8.240  -0.2383700
 8.250  -0.3057600
 8.260  -0.2292900
 8.270  -0.0593930
 8.280   0.0982690
 8.290   0.1608200
 8.300   0.1259800
 8.310   0.0675630
 8.320   0.0665750
 8.330   0.1418800
 8.340   0.2461800
 8.350   0.3182100
 8.360   0.3301900
 8.370   0.2930500
 8.380   0.2182800
 8.390   0.0956760
 8.400  -0.0792650
 8.410  -0.2583600
 8.420  -0.3565300
 8.430  -0.3345800
 8.440  -0.2492800
 8.450  -0.1937600
 8.460  -0.2025700
 8.470  -0.2257800
 8.480  -0.1824700
 8.490  -0.0311840
 8.500   0.1914000
 8.510   0.3915800
 8.520   0.4863400
 8.530   0.4541400
 8.540   0.3241800
 8.550   0.1400900
 8.560  -0.0415580
 8.570  -0.1537300
 8.580  -0.1591400
 8.590  -0.0769640
 8.600   0.0375220
 8.610   0.1200300
 8.620   0.1132900
 8.630   0.0123670
 8.640  -0.1118500
 8.650  -0.1790400
 8.660  -0.1968700
 8.670  -0.2371100
 8.680  -0.3178000
 8.690  -0.3739600
 8.700  -0.3518900
 8.710  -0.2602400
 8.720  -0.1246200
 8.730   0.0394650
 8.740   0.1971500
 8.750   0.3038000
 8.760   0.3491900
 8.770   0.3526500
 8.780   0.3170700
 8.790   0.2346000
 8.800   0.1219100
 8.810   0.0094413
 8.820  -0.0932650
 8.830  -0.1841400
 8.840  -0.2423100
 8.850  -0.2510300
 8.860  -0.2226300
 8.870  -0.1730500
 8.880  -0.0973870
 8.890   0.0041424
 8.900   0.1107200
 8.910   0.2047700
 8.920   0.2851900
 8.930   0.3456600
 8.940   0.3737000
 8.950   0.3738200
 8.960   0.3633100
 8.970   0.3393200
 8.980   0.2823300
 8.990   0.1945000
 9.000   0.1045100
 9.010   0.0327960
 9.020  -0.0204680
 9.030  -0.0532440
 9.040  -0.0587770
 9.050  -0.0470700
 9.060  -0.0397430
 9.070  -0.0375200
 9.080  -0.0198080
 9.090   0.0172080
 9.100   0.0472760
 9.110   0.0514630
 9.120   0.0523160
 9.130   0.0905330
 9.140   0.1743800
 9.150   0.2652300
 9.160   0.3164500
 9.170   0.3160400
 9.180   0.2876600
 9.190   0.2482700
 9.200   0.1849400
 9.210   0.0842680
 9.220  -0.0324180
 9.230  -0.1269300
 9.240  -0.1864500
 9.250  -0.2243400
 9.260  -0.2464600
 9.270  -0.2453600
 9.280  -0.2242000
 9.290  -0.1982800
 9.300  -0.1767500
 9.310  -0.1657100
 9.320  -0.1684600
 9.330  -0.1683100
 9.340  -0.1361900
 9.350  -0.0811020
 9.360  -0.0562190
 9.370  -0.0917510
 9.380  -0.1496600
 9.390  -0.1758000
 9.400  -0.1639200
 9.410  -0.1406100
 9.420  -0.1189200
 9.430  -0.0996000
 9.440  -0.0923510
 9.450  -0.1075600
 9.460  -0.1387400
 9.470  -0.1668100
 9.480  -0.1705700
 9.490  -0.1369500
 9.500  -0.0783590
 9.510  -0.0372440
 9.520  -0.0464530
 9.530  -0.0886430
 9.540  -0.1150000
 9.550  -0.1037100
 9.560  -0.0744430
 9.570  -0.0522460
 9.580  -0.0407500
 9.590  -0.0353220
 9.600  -0.0340880
 9.610  -0.0285540
 9.620  -0.0043569
 9.630   0.0364100
 9.640   0.0752170
 9.650   0.1069800
 9.660   0.1459000
 9.670   0.1861300
 9.680   0.1914300
 9.690   0.1497200
 9.700   0.1074500
 9.710   0.1145800
 9.720   0.1620400
 9.730   0.2037500
 9.740   0.2131200
 9.750   0.1913500
 9.760   0.1470300
 9.770   0.0981710
 9.780   0.0696030
 9.790   0.0632210
 9.800   0.0532530
 9.810   0.0262580
 9.820  -0.0013774
 9.830  -0.0137540
 9.840  -0.0091628
 9.850   0.0167000
 9.860   0.0619290
 9.870   0.0896280
 9.880   0.0527100
 9.890  -0.0470100
 9.900  -0.1577000
 9.910  -0.2372900
 9.920  -0.2780600
 9.930  -0.2815700
 9.940  -0.2492400
 9.950  -0.1987800
 9.960  -0.1549000
 9.970  -0.1191700
 9.980  -0.0770900
 9.990  -0.0288290
10.000   0.0069531
10.010   0.0198490
10.020   0.0129940
10.030  -0.0010801
10.040  -0.0009026
10.050   0.0345190
10.060   0.0959940
10.070   0.1452700
10.080   0.1586400
10.090   0.1513800
10.100   0.1445100
10.110   0.1306800
10.120   0.0964340
10.130   0.0503770
10.140   0.0098652
10.150  -0.0243860
10.160  -0.0563950
10.170  -0.0793170
10.180  -0.0837670
10.190  -0.0716510
10.200  -0.0469450
10.210  -0.0079453
10.220   0.0405010
10.230   0.0750860
10.240   0.0710100
10.250   0.0287310
10.260  -0.0150640
10.270  -0.0143810
10.280   0.0471830
10.290   0.1390500
10.300   0.2170800
10.310   0.2628700
10.320   0.2866300
10.330   0.2914500
10.340   0.2576500
10.350   0.1695500
10.360   0.0470110
10.370  -0.0628490
10.380  -0.1236400
10.390  -0.1340000
10.400  -0.1150000
10.410  -0.0814860
10.420  -0.0394910
10.430  -0.0041882
10.440   0.0009391
10.450  -0.0315620
10.460  -0.0862880
10.470  -0.1435500
10.480  -0.1924700
10.490  -0.2268700
10.500  -0.2446500
10.510  -0.2522100
10.520  -0.2527100
10.530  -0.2361700
10.540  -0.1939700
10.550  -0.1374600
10.560  -0.0863710
10.570  -0.0496610
10.580  -0.0238900
10.590  -0.0020057
10.600   0.0246530
10.610   0.0552520
10.620   0.0680710
10.630   0.0392940
10.640  -0.0165620
10.650  -0.0519330
10.660  -0.0403510
10.670  -0.0054661
10.680   0.0151590
10.690   0.0167270
10.700   0.0245380
10.710   0.0527580
10.720   0.0844640
10.730   0.0956330
10.740   0.0859170
10.750   0.0760270
10.760   0.0797070
10.770   0.0882580
10.780   0.0821700
10.790   0.0520860
10.800   0.0057819
10.810  -0.0373980
10.820  -0.0618410
10.830  -0.0696890
10.840  -0.0740740
10.850  -0.0791660
10.860  -0.0758790
10.870  -0.0637140
10.880  -0.0575920
10.890  -0.0700600
10.900  -0.0926010
10.910  -0.1069400
10.920  -0.1031800
10.930  -0.0819450
10.940  -0.0454120
10.950   0.0038633
10.960   0.0568920
10.970   0.1007200
10.980   0.1279600
10.990   0.1445300
11.000   0.1609300
11.010   0.1782300
11.020   0.1848300
11.030   0.1720100
11.040   0.1422100
11.050   0.1076200
11.060   0.0856570
11.070   0.0927200
11.080   0.1234000
11.090   0.1441500
11.100   0.1241500
11.110   0.0753390
11.120   0.0402280
11.130   0.0405120
11.140   0.0558390
11.150   0.0608950
11.160   0.0576090
11.170   0.0624980
11.180   0.0778100
11.190   0.0923030
11.200   0.0982560
11.210   0.0928650
11.220   0.0732940
11.230   0.0416960
11.240   0.0092119
11.250  -0.0194410
11.260  -0.0498610
11.270  -0.0788680
11.280  -0.0823480
11.290  -0.0448440
11.300   0.0106280
11.310   0.0433680
11.320   0.0410710
11.330   0.0220010
11.340   0.0018973
11.350  -0.0157290
11.360  -0.0257860
11.370  -0.0261540
11.380  -0.0298370
11.390  -0.0486700
11.400  -0.0679440
11.410  -0.0622440
11.420  -0.0337230
11.430  -0.0068468
11.440   0.0094522
11.450   0.0279240
11.460   0.0496240
11.470   0.0585060
11.480   0.0465270
11.490   0.0268190
11.500   0.0080264
11.510  -0.0201270
11.520  -0.0721350
11.530  -0.1453300
11.540  -0.2178300
11.550  -0.2551200
11.560  -0.2311300
11.570  -0.1557900
11.580  -0.0782220
11.590  -0.0456320
11.600  -0.0664110
11.610  -0.1165400
11.620  -0.1725000
11.630  -0.2144200
11.640  -0.2190400
11.650  -0.1759800
11.660  -0.1106800
11.670  -0.0648110
11.680  -0.0568800
11.690  -0.0714680
11.700  -0.0798460
11.710  -0.0609190
11.720  -0.0160950
11.730   0.0275990
11.740   0.0440140
11.750   0.0442190
11.760   0.0589940
11.770   0.0831600
11.780   0.0705010
11.790   0.0053367
11.800  -0.0634770
11.810  -0.0792740
11.820  -0.0432760
11.830   0.0015187
11.840   0.0203010
11.850   0.0074200
11.860  -0.0186220
11.870  -0.0232780
11.880   0.0149560
11.890   0.0753950
11.900   0.1130600
11.910   0.1102000
11.920   0.0876330
11.930   0.0695630
11.940   0.0608580
11.950   0.0566760
11.960   0.0514310
11.970   0.0370260
11.980   0.0139520
11.990   0.0003794
12.000   0.0149530
12.010   0.0519090
12.020   0.0902860
12.030   0.1194600
12.040   0.1397700
12.050   0.1441500
12.060   0.1198200
12.070   0.0716950
12.080   0.0293250
12.090   0.0215810
12.100   0.0482150
12.110   0.0818110
12.120   0.0902660
12.130   0.0566490
12.140  -0.0084220
12.150  -0.0647130
12.160  -0.0686960
12.170  -0.0149290
12.180   0.0538210
12.190   0.0873100
12.200   0.0730490
12.210   0.0350720
12.220   0.0016652
12.230  -0.0141560
12.240  -0.0132860
12.250  -0.0057403
12.260   0.0001650
12.270   0.0084718
12.280   0.0264250
12.290   0.0428770
12.300   0.0322920
12.310  -0.0122530
12.320  -0.0676930
12.330  -0.1081200
12.340  -0.1284000
12.350  -0.1355000
12.360  -0.1369700
12.370  -0.1414500
12.380  -0.1530200
12.390  -0.1581200
12.400  -0.1391500
12.410  -0.1040900
12.420  -0.0813910
12.430  -0.0764420
12.440  -0.0636890
12.450  -0.0287510
12.460   0.0083868
12.470   0.0295060
12.480   0.0449580
12.490   0.0697430
12.500   0.0908300
12.510   0.0885780
12.520   0.0708750
12.530   0.0642020
12.540   0.0722820
12.550   0.0727940
12.560   0.0495440
12.570   0.0139530
12.580  -0.0116000
12.590  -0.0131760
12.600   0.0126250
12.610   0.0656800
12.620   0.1318700
12.630   0.1806700
12.640   0.1867900
12.650   0.1550000
12.660   0.1057800
12.670   0.0518020
12.680  -0.0008012
12.690  -0.0364590
12.700  -0.0452580
12.710  -0.0462920
12.720  -0.0689740
12.730  -0.1094000
12.740  -0.1388100
12.750  -0.1504800
12.760  -0.1579200
12.770  -0.1540400
12.780  -0.1150200
12.790  -0.0450410
12.800   0.0252150
12.810   0.0836330
12.820   0.1344500
12.830   0.1584900
12.840   0.1297000
12.850   0.0764530
12.860   0.0573270
12.870   0.0719700
12.880   0.0598240
12.890  -0.0028807
12.900  -0.0694260
12.910  -0.1008300
12.920  -0.1115800
12.930  -0.1240000
12.940  -0.1312800
12.950  -0.1246900
12.960  -0.1088400
12.970  -0.0823750
12.980  -0.0448090
12.990  -0.0201700
13.000  -0.0305720
13.010  -0.0524710
13.020  -0.0401200
13.030   0.0131980
13.040   0.0751540
13.050   0.1168100
13.060   0.1266300
13.070   0.1025000
13.080   0.0660520
13.090   0.0551430
13.100   0.0740420
13.110   0.0778090
13.120   0.0332180
13.130  -0.0328340
13.140  -0.0706660
13.150  -0.0629330
13.160  -0.0251480
13.170   0.0226330
13.180   0.0621480
13.190   0.0775500
13.200   0.0679780
13.210   0.0486530
13.220   0.0330160
13.230   0.0247630
13.240   0.0258620
13.250   0.0350330
13.260   0.0405060
13.270   0.0284350
13.280  -0.0026637
13.290  -0.0382400
13.300  -0.0551110
13.310  -0.0391410
13.320  -0.0035318
13.330   0.0163340
13.340   0.0013415
13.350  -0.0286310
13.360  -0.0427730
13.370  -0.0406090
13.380  -0.0442610
13.390  -0.0640900
13.400  -0.0917400
13.410  -0.1134200
13.420  -0.1165100
13.430  -0.0928740
13.440  -0.0546520
13.450  -0.0321500
13.460  -0.0457120
13.470  -0.0807260
13.480  -0.1027400
13.490  -0.0884650
13.500  -0.0460040
13.510  -0.0094779
13.520  -0.0098059
13.530  -0.0412820
13.540  -0.0661690
13.550  -0.0572440
13.560  -0.0220190
13.570   0.0165740
13.580   0.0475420
13.590   0.0697420
13.600   0.0849900
13.610   0.0975160
13.620   0.1115000
13.630   0.1232100
13.640   0.1272800
13.650   0.1221900
13.660   0.1020700
13.670   0.0557070
13.680  -0.0154250
13.690  -0.0876200
13.700  -0.1385200
13.710  -0.1662700
13.720  -0.1779400
13.730  -0.1701700
13.740  -0.1353600
13.750  -0.0750760
13.760  -0.0015060
13.770   0.0643530
13.780   0.1010600
13.790   0.1041000
13.800   0.0917390
13.810   0.0802450
13.820   0.0644060
13.830   0.0318890
13.840  -0.0092845
13.850  -0.0336970
13.860  -0.0236760
13.870   0.0130460
13.880   0.0505660
13.890   0.0631430
13.900   0.0467280
13.910   0.0209040
13.920   0.0117550
13.930   0.0306210
13.940   0.0718490
13.950   0.1151200
13.960   0.1299200
13.970   0.0938720
13.980   0.0174640
13.990  -0.0621580
14.000  -0.1158000
14.010  -0.1418800
14.020  -0.1509100
14.030  -0.1427200
14.040  -0.1043000
14.050  -0.0269840
14.060   0.0725440
14.070   0.1533000
14.080   0.1833400
14.090   0.1710100
14.100   0.1423400
14.110   0.1034900
14.120   0.0511080
14.130   0.0047283
14.140  -0.0104240
14.150  -0.0045873
14.160  -0.0132440
14.170  -0.0494990
14.180  -0.0938370
14.190  -0.1258600
14.200  -0.1377000
14.210  -0.1261300
14.220  -0.0972780
14.230  -0.0712910
14.240  -0.0621860
14.250  -0.0668200
14.260  -0.0774090
14.270  -0.0856930
14.280  -0.0706200
14.290  -0.0138850
14.300   0.0678670
14.310   0.1297600
14.320   0.1408400
14.330   0.1003200
14.340   0.0204950
14.350  -0.0750350
14.360  -0.1425800
14.370  -0.1435900
14.380  -0.0812210
14.390   0.0052917
14.400   0.0765600
14.410   0.1063300
14.420   0.0849100
14.430   0.0336390
14.440   0.0013239
14.450   0.0202750
14.460   0.0738270
14.470   0.1208100
14.480   0.1384800
14.490   0.1327100
14.500   0.1218800
14.510   0.1253600
14.520   0.1519500
14.530   0.1815300
14.540   0.1678900
14.550   0.0725830
14.560  -0.0962750
14.570  -0.2780300
14.580  -0.3944000
14.590  -0.4099400
14.600  -0.3541200
14.610  -0.2813800
14.620  -0.2235000
14.630  -0.1881600
14.640  -0.1710400
14.650  -0.1519000
14.660  -0.1040300
14.670  -0.0270720
14.680   0.0470600
14.690   0.0951190
14.700   0.1342200
14.710   0.2000700
14.720   0.3135400
14.730   0.4627400
14.740   0.5885400
14.750   0.6009000
14.760   0.4605200
14.770   0.2400800
14.780   0.0551000
14.790  -0.0489780
14.800  -0.1113100
14.810  -0.1680400
14.820  -0.2076000
14.830  -0.2046700
14.840  -0.1638200
14.850  -0.1087500
14.860  -0.0560370
14.870  -0.0053927
14.880   0.0524270
14.890   0.1201600
14.900   0.1833200
14.910   0.2198000
14.920   0.2197700
14.930   0.1896500
14.940   0.1382600
14.950   0.0691130
14.960  -0.0149760
14.970  -0.1007200
14.980  -0.1670600
14.990  -0.1923100
15.000  -0.1667900
15.010  -0.0962000
15.020  -0.0076350
15.030   0.0597580
15.040   0.0773060
15.050   0.0536970
15.060   0.0239830
15.070   0.0101610
15.080   0.0026326
15.090  -0.0140800
15.100  -0.0348860
15.110  -0.0466580
15.120  -0.0492440
15.130  -0.0482410
15.140  -0.0348970
15.150   0.0001042
15.160   0.0392840
15.170   0.0469180
15.180   0.0169830
15.190  -0.0101510
15.200   0.0085818
15.210   0.0632490
15.220   0.1008700
15.230   0.0834480
15.240   0.0232320
15.250  -0.0384470
15.260  -0.0695240
15.270  -0.0677970
15.280  -0.0619870
15.290  -0.0841150
15.300  -0.1290700
15.310  -0.1499700
15.320  -0.1134200
15.330  -0.0436260
15.340   0.0057420
15.350   0.0120160
15.360  -0.0048022
15.370  -0.0182260
15.380  -0.0154890
15.390   0.0095081
15.400   0.0533090
15.410   0.0914920
15.420   0.0918580
15.430   0.0474970
15.440  -0.0156530
15.450  -0.0622330
15.460  -0.0768170
15.470  -0.0686440
15.480  -0.0578950
15.490  -0.0532650
15.500  -0.0480900
15.510  -0.0323910
15.520  -0.0111770
15.530  -0.0015627
15.540  -0.0159470
15.550  -0.0484120
15.560  -0.0820840
15.570  -0.1019500
15.580  -0.0994680
15.590  -0.0729990
15.600  -0.0320200
15.610   0.0024118
15.620   0.0114510
15.630  -0.0033574
15.640  -0.0231880
15.650  -0.0318940
15.660  -0.0285350
15.670  -0.0185790
15.680  -0.0078655
15.690  -0.0038361
15.700  -0.0132620
15.710  -0.0316310
15.720  -0.0452710
15.730  -0.0482550
15.740  -0.0527820
15.750  -0.0752900
15.760  -0.1121100
15.770  -0.1326800
15.780  -0.1049000
15.790  -0.0340650
15.800   0.0324760
15.810   0.0495720
15.820   0.0188440
15.830  -0.0210440
15.840  -0.0344970
15.850  -0.0085299
15.860   0.0490730
15.870   0.1100700
15.880   0.1404800
15.890   0.1357500
15.900   0.1284500
15.910   0.1404000
15.920   0.1489100
15.930   0.1202100
15.940   0.0586980
15.950  -0.0034955
15.960  -0.0456490
15.970  -0.0661160
15.980  -0.0672750
15.990  -0.0546470
16.000  -0.0420540
16.010  -0.0362760
16.020  -0.0262460
16.030  -0.0007355
16.040   0.0285710
16.050   0.0390550
16.060   0.0274300
16.070   0.0154180
16.080   0.0230230
16.090   0.0445930
16.100   0.0580000
16.110   0.0499800
16.120   0.0230760
16.130  -0.0135980
16.140  -0.0471260
16.150  -0.0596180
16.160  -0.0430550
16.170  -0.0146190
16.180  -0.0005862
16.190  -0.0044070
16.200  -0.0082001
16.210  -0.0054428
16.220  -0.0079459
16.230  -0.0177020
16.240  -0.0183010
16.250   0.0001137
16.260   0.0243030
16.270   0.0388650
16.280   0.0411460
16.290   0.0322040
16.300   0.0060899
16.310  -0.0337550
16.320  -0.0667020
16.330  -0.0757350
16.340  -0.0684670
16.350  -0.0612770
16.360  -0.0564560
16.370  -0.0438430
16.380  -0.0194670
16.390   0.0124490
16.400   0.0436200
16.410   0.0621720
16.420   0.0538180
16.430   0.0193380
16.440  -0.0200650
16.450  -0.0449520
16.460  -0.0564580
16.470  -0.0653330
16.480  -0.0722910
16.490  -0.0704040
16.500  -0.0544730
16.510  -0.0254050
16.520   0.0098294
16.530   0.0360220
16.540   0.0375860
16.550   0.0146690
16.560  -0.0122650
16.570  -0.0202080
16.580  -0.0005012
16.590   0.0386620
16.600   0.0804540
16.610   0.1063800
16.620   0.1076000
16.630   0.0869670
16.640   0.0554130
16.650   0.0232950
16.660  -0.0015461
16.670  -0.0153280
16.680  -0.0199300
16.690  -0.0241990
16.700  -0.0356830
16.710  -0.0489050
16.720  -0.0475500
16.730  -0.0220100
16.740   0.0186600
16.750   0.0552950
16.760   0.0757390
16.770   0.0794350
16.780   0.0720500
16.790   0.0588710
16.800   0.0431900
16.810   0.0251830
16.820   0.0065996
16.830  -0.0073834
16.840  -0.0125690
16.850  -0.0125910
16.860  -0.0138620
16.870  -0.0170690
16.880  -0.0184990
16.890  -0.0144890
16.900  -0.0007697
16.910   0.0242210
16.920   0.0464890
16.930   0.0421390
16.940   0.0050306
16.950  -0.0407180
16.960  -0.0684920
16.970  -0.0752280
16.980  -0.0700510
16.990  -0.0533140
17.000  -0.0255570
17.010  -0.0033321
17.020  -0.0030287
17.030  -0.0178100
17.040  -0.0277550
17.050  -0.0269890
17.060  -0.0213710
17.070  -0.0110460
17.080   0.0065237
17.090   0.0206890
17.100   0.0201950
17.110   0.0146910
17.120   0.0212710
17.130   0.0321590
17.140   0.0208930
17.150  -0.0168540
17.160  -0.0516470
17.170  -0.0543620
17.180  -0.0258400
17.190   0.0134870
17.200   0.0466650
17.210   0.0681440
17.220   0.0828870
17.230   0.0992040
17.240   0.1157600
17.250   0.1170800
17.260   0.0918220
17.270   0.0496300
17.280   0.0106410
17.290  -0.0149470
17.300  -0.0304960
17.310  -0.0411510
17.320  -0.0508790
17.330  -0.0617000
17.340  -0.0723920
17.350  -0.0793360
17.360  -0.0824450
17.370  -0.0814780
17.380  -0.0684960
17.390  -0.0361700
17.400   0.0069666
17.410   0.0449630
17.420   0.0740610
17.430   0.1012900
17.440   0.1249200
17.450   0.1360300
17.460   0.1329600
17.470   0.1250100
17.480   0.1163000
17.490   0.1062300
17.500   0.0989300
17.510   0.0976000
17.520   0.0896770
17.530   0.0602240
17.540   0.0183350
17.550  -0.0089042
17.560  -0.0122120
17.570  -0.0139990
17.580  -0.0348060
17.590  -0.0636260
17.600  -0.0754000
17.610  -0.0659160
17.620  -0.0515800
17.630  -0.0412140
17.640  -0.0286870
17.650  -0.0128230
17.660  -0.0087075
17.670  -0.0240340
17.680  -0.0416360
17.690  -0.0402540
17.700  -0.0264320
17.710  -0.0211890
17.720  -0.0241860
17.730  -0.0152940
17.740   0.0062127
17.750   0.0129920
17.760  -0.0114320
17.770  -0.0498570
17.780  -0.0750870
17.790  -0.0808150
17.800  -0.0759800
17.810  -0.0680750
17.820  -0.0545110
17.830  -0.0315730
17.840  -0.0048609
17.850   0.0064288
17.860  -0.0101480
17.870  -0.0400650
17.880  -0.0564560
17.890  -0.0583020
17.900  -0.0693370
17.910  -0.0978580
17.920  -0.1209500
17.930  -0.1165000
17.940  -0.0892760
17.950  -0.0596830
17.960  -0.0403650
17.970  -0.0302700
17.980  -0.0212900
17.990  -0.0064682
18.000   0.0156700
18.010   0.0437250
18.020   0.0759460
18.030   0.1040400
18.040   0.1145200
18.050   0.1038900
18.060   0.0863050
18.070   0.0741530
18.080   0.0613090
18.090   0.0345720
18.100  -0.0031288
18.110  -0.0340230
18.120  -0.0448130
18.130  -0.0385340
18.140  -0.0301720
18.150  -0.0304670
18.160  -0.0336280
18.170  -0.0233740
18.180   0.0030413
18.190   0.0258910
18.200   0.0218440
18.210  -0.0098533
18.220  -0.0491930
18.230  -0.0756110
18.240  -0.0787060
18.250  -0.0575030
18.260  -0.0224810
18.270   0.0056305
18.280   0.0144730
18.290   0.0162170
18.300   0.0334020
18.310   0.0657260
18.320   0.0894690
18.330   0.0902830
18.340   0.0774370
18.350   0.0602840
18.360   0.0368080
18.370   0.0112930
18.380   0.0000680
18.390   0.0071059
18.400   0.0134330
18.410   0.0029025
18.420  -0.0199150
18.430  -0.0423200
18.440  -0.0576430
18.450  -0.0578820
18.460  -0.0369820
18.470  -0.0046170
18.480   0.0153850
18.490   0.0132970
18.500   0.0016719
18.510  -0.0054805
18.520  -0.0090028
18.530  -0.0119740
18.540  -0.0075197
18.550   0.0100950
18.560   0.0316260
18.570   0.0386480
18.580   0.0269180
18.590   0.0104210
18.600   0.0022031
18.610  -0.0031036
18.620  -0.0159230
18.630  -0.0318910
18.640  -0.0353920
18.650  -0.0246520
18.660  -0.0150240
18.670  -0.0173000
18.680  -0.0224850
18.690  -0.0208540
18.700  -0.0185540
18.710  -0.0268440
18.720  -0.0403880
18.730  -0.0467580
18.740  -0.0444750
18.750  -0.0389650
18.760  -0.0294660
18.770  -0.0161830
18.780  -0.0088570
18.790  -0.0111600
18.800  -0.0085745
18.810   0.0121860
18.820   0.0406480
18.830   0.0602940
18.840   0.0726660
18.850   0.0836880
18.860   0.0840860
18.870   0.0683070
18.880   0.0528590
18.890   0.0507570
18.900   0.0487780
18.910   0.0291240
18.920  -0.0029587
18.930  -0.0292260
18.940  -0.0400290
18.950  -0.0353810
18.960  -0.0203440
18.970  -0.0051994
18.980   0.0010782
18.990   0.0010258
19.000  -0.0017273
19.010  -0.0120380
19.020  -0.0289090
19.030  -0.0347370
19.040  -0.0201780
19.050  -0.0007159
19.060   0.0076451
19.070   0.0103310
19.080   0.0145980
19.090   0.0119410
19.100  -0.0027529
19.110  -0.0147160
19.120  -0.0097391
19.130   0.0010183
19.140  -0.0056822
19.150  -0.0336150
19.160  -0.0586380
19.170  -0.0558760
19.180  -0.0292030
19.190  -0.0097103
19.200  -0.0177780
19.210  -0.0359360
19.220  -0.0312380
19.230   0.0019941
19.240   0.0413250
19.250   0.0697990
19.260   0.0859850
19.270   0.0864300
19.280   0.0649950
19.290   0.0323410
19.300   0.0107710
19.310   0.0052072
19.320  -0.0008175
19.330  -0.0167280
19.340  -0.0320990
19.350  -0.0348430
19.360  -0.0239740
19.370  -0.0010730
19.380   0.0327760
19.390   0.0647200
19.400   0.0706980
19.410   0.0421080
19.420   0.0004175
19.430  -0.0268150
19.440  -0.0348750
19.450  -0.0361550
19.460  -0.0371100
19.470  -0.0331070
19.480  -0.0222760
19.490  -0.0126280
19.500  -0.0148500
19.510  -0.0282670
19.520  -0.0390790
19.530  -0.0322160
19.540  -0.0102610
19.550   0.0087188
19.560   0.0142450
19.570   0.0166810
19.580   0.0250980
19.590   0.0302430
19.600   0.0219560
19.610   0.0105710
19.620   0.0089546
19.630   0.0093831
19.640  -0.0010335
19.650  -0.0125970
19.660  -0.0074398
19.670   0.0090214
19.680   0.0170980
19.690   0.0122950
19.700   0.0039698
19.710  -0.0074241
19.720  -0.0257710
19.730  -0.0399720
19.740  -0.0321380
19.750  -0.0076004
19.760   0.0085516
19.770   0.0054996
19.780  -0.0014340
19.790   0.0018014
19.800   0.0098923
19.810   0.0127100
19.820   0.0147080
19.830   0.0254800
19.840   0.0419400
19.850   0.0549090
19.860   0.0665700
19.870   0.0824510
19.880   0.0938800
19.890   0.0879530
19.900   0.0712920
19.910   0.0628040
19.920   0.0643530
19.930   0.0607270
19.940   0.0449830
19.950   0.0246610
19.960   0.0030161
19.970  -0.0188300
19.980  -0.0311940
19.990  -0.0246260
20.000  -0.0098145
20.010  -0.0069409
20.020  -0.0210990
20.030  -0.0378090
20.040  -0.0394730
20.050  -0.0207190
20.060   0.0082730
20.070   0.0284510
20.080   0.0311950
20.090   0.0262080
20.100   0.0271530
20.110   0.0361700
20.120   0.0485880
20.130   0.0616590
20.140   0.0690220
20.150   0.0639890
20.160   0.0469240
20.170   0.0240700
20.180  -0.0041662
20.190  -0.0328110
20.200  -0.0467120
20.210  -0.0368480
20.220  -0.0186200
20.230  -0.0141670
20.240  -0.0263820
20.250  -0.0394760
20.260  -0.0426840
20.270  -0.0401370
20.280  -0.0434360
20.290  -0.0559830
20.300  -0.0679020
20.310  -0.0642880
20.320  -0.0462660
20.330  -0.0290130
20.340  -0.0226440
20.350  -0.0244560
20.360  -0.0318570
20.370  -0.0421850
20.380  -0.0459900
20.390  -0.0397560
20.400  -0.0372960
20.410  -0.0485050
20.420  -0.0596970
20.430  -0.0562400
20.440  -0.0485430
20.450  -0.0531360
20.460  -0.0645010
20.470  -0.0659230
20.480  -0.0568760
20.490  -0.0464540
20.500  -0.0355380
20.510  -0.0210880
20.520  -0.0099199
20.530  -0.0067199
20.540  -0.0041093
20.550   0.0062013
20.560   0.0224770
20.570   0.0397470
20.580   0.0523480
20.590   0.0487930
20.600   0.0235630
20.610  -0.0094612
20.620  -0.0263380
20.630  -0.0198990
20.640  -0.0025224
20.650   0.0133610
20.660   0.0256590
20.670   0.0326760
20.680   0.0293610
20.690   0.0172700
20.700   0.0052605
20.710   0.0010529
20.720   0.0042711
20.730   0.0116610
20.740   0.0199360
20.750   0.0305470
20.760   0.0447380
20.770   0.0593900
20.780   0.0647580
20.790   0.0554370
20.800   0.0360490
20.810   0.0179950
20.820   0.0116200
20.830   0.0199550
20.840   0.0338110
20.850   0.0354200
20.860   0.0211450
20.870   0.0113840
20.880   0.0245230
20.890   0.0485280
20.900   0.0588210
20.910   0.0499280
20.920   0.0330830
20.930   0.0148710
20.940  -0.0017144
20.950  -0.0074870
20.960   0.0005127
20.970   0.0074173
20.980   0.0009622
20.990  -0.0110610
21.000  -0.0186820
21.010  -0.0234300
21.020  -0.0240360
21.030  -0.0131390
21.040   0.0032244
21.050   0.0086513
21.060   0.0049302
21.070   0.0089571
21.080   0.0169460
21.090   0.0055978
21.100  -0.0224950
21.110  -0.0367290
21.120  -0.0276810
21.130  -0.0200160
21.140  -0.0255360
21.150  -0.0273420
21.160  -0.0181470
21.170  -0.0175050
21.180  -0.0342170
21.190  -0.0482430
21.200  -0.0440390
21.210  -0.0351070
21.220  -0.0369710
21.230  -0.0447610
21.240  -0.0486130
21.250  -0.0485310
21.260  -0.0437800
21.270  -0.0323770
21.280  -0.0222910
21.290  -0.0247580
21.300  -0.0323770
21.310  -0.0258130
21.320  -0.0005123
21.330   0.0266140
21.340   0.0415010
21.350   0.0434960
21.360   0.0356730
21.370   0.0194210
21.380   0.0005161
21.390  -0.0135450
21.400  -0.0208260
21.410  -0.0230780
21.420  -0.0216540
21.430  -0.0216070
21.440  -0.0295380
21.450  -0.0413720
21.460  -0.0431440
21.470  -0.0319060
21.480  -0.0208510
21.490  -0.0188380
21.500  -0.0180090
21.510  -0.0107560
21.520  -0.0038172
21.530  -0.0046087
21.540  -0.0084223
21.550  -0.0085626
21.560  -0.0083161
21.570  -0.0100990
21.580  -0.0092375
21.590  -0.0036954
21.600   0.0007582
21.610   0.0025228
21.620   0.0072725
21.630   0.0145760
21.640   0.0167070
21.650   0.0113680
21.660   0.0054820
21.670  -0.0002656
21.680  -0.0111500
21.690  -0.0236250
21.700  -0.0230580
21.710  -0.0059010
21.720   0.0133390
21.730   0.0200100
21.740   0.0163360
21.750   0.0150680
21.760   0.0243130
21.770   0.0397620
21.780   0.0496590
21.790   0.0450780
21.800   0.0296840
21.810   0.0183240
21.820   0.0226510
21.830   0.0375800
21.840   0.0478510
21.850   0.0468470
21.860   0.0400480
21.870   0.0334900
21.880   0.0263440
21.890   0.0175510
21.900   0.0074608
21.910  -0.0055701
21.920  -0.0216740
21.930  -0.0317080
21.940  -0.0260280
21.950  -0.0113420
21.960  -0.0036524
21.970  -0.0056625
21.980  -0.0035137
21.990   0.0079936
22.000   0.0158250
22.010   0.0088530
22.020  -0.0022638
22.030   0.0004273
22.040   0.0174030
22.050   0.0293310
22.060   0.0214020
22.070   0.0017390
22.080  -0.0076825
22.090   0.0037765
22.100   0.0271090
22.110   0.0488130
22.120   0.0654930
22.130   0.0794030
22.140   0.0895530
22.150   0.0904190
22.160   0.0778510
22.170   0.0539260
22.180   0.0271180
22.190   0.0051738
22.200  -0.0097107
22.210  -0.0171740
22.220  -0.0154190
22.230  -0.0073948
22.240  -0.0043535
22.250  -0.0140980
22.260  -0.0287220
22.270  -0.0342250
22.280  -0.0270900
22.290  -0.0157610
22.300  -0.0095820
22.310  -0.0134350
22.320  -0.0247370
22.330  -0.0350560
22.340  -0.0379240
22.350  -0.0368240
22.360  -0.0361950
22.370  -0.0328700
22.380  -0.0237260
22.390  -0.0163070
22.400  -0.0184250
22.410  -0.0263590
22.420  -0.0324920
22.430  -0.0366240
22.440  -0.0412520
22.450  -0.0427750
22.460  -0.0357010
22.470  -0.0215190
22.480  -0.0079668
22.490   0.0002257
22.500   0.0075065
22.510   0.0209480
22.520   0.0390580
22.530   0.0516520
22.540   0.0561980
22.550   0.0624390
22.560   0.0741670
22.570   0.0768730
22.580   0.0572930
22.590   0.0238930
22.600  -0.0025694
22.610  -0.0123750
22.620  -0.0104100
22.630  -0.0058045
22.640  -0.0057140
22.650  -0.0144490
22.660  -0.0313550
22.670  -0.0524900
22.680  -0.0704970
22.690  -0.0758030
22.700  -0.0652450
22.710  -0.0507280
22.720  -0.0460280
22.730  -0.0496760
22.740  -0.0506490
22.750  -0.0476860
22.760  -0.0468850
22.770  -0.0447490
22.780  -0.0314020
22.790  -0.0101740
22.800   0.0050650
22.810   0.0098104
22.820   0.0115490
22.830   0.0150940
22.840   0.0190000
22.850   0.0189460
22.860   0.0079784
22.870  -0.0169650
22.880  -0.0432870
22.890  -0.0489480
22.900  -0.0266470
22.910   0.0076301
22.920   0.0341820
22.930   0.0471540
22.940   0.0502140
22.950   0.0461370
22.960   0.0376490
22.970   0.0260340
22.980   0.0085956
22.990  -0.0145310
23.000  -0.0330810
23.010  -0.0372880
23.020  -0.0313750
23.030  -0.0259280
23.040  -0.0214150
23.050  -0.0104470
23.060   0.0065253
23.070   0.0205650
23.080   0.0275530
23.090   0.0294350
23.100   0.0275250
23.110   0.0240660
23.120   0.0258940
23.130   0.0344080
23.140   0.0377060
23.150   0.0222550
23.160  -0.0070866
23.170  -0.0299780
23.180  -0.0341730
23.190  -0.0274530
23.200  -0.0218970
23.210  -0.0179540
23.220  -0.0082835
23.230   0.0062936
23.240   0.0165870
23.250   0.0187550
23.260   0.0193270
23.270   0.0218240
23.280   0.0197990
23.290   0.0079280
23.300  -0.0091375
23.310  -0.0221780
23.320  -0.0284760
23.330  -0.0306760
23.340  -0.0316920
23.350  -0.0319060
23.360  -0.0310960
23.370  -0.0274310
23.380  -0.0207220
23.390  -0.0139640
23.400  -0.0099081
23.410  -0.0070387
23.420  -0.0039792
23.430  -0.0021672
23.440  -0.0026951
23.450  -0.0054675
23.460  -0.0117740
23.470  -0.0224330
23.480  -0.0331250
23.490  -0.0389070
23.500  -0.0402750
23.510  -0.0410500
23.520  -0.0404010
23.530  -0.0348430
23.540  -0.0245440
23.550  -0.0138380
23.560  -0.0049441
23.570   0.0024747
23.580   0.0075566
23.590   0.0061557
23.600  -0.0042783
23.610  -0.0185880
23.620  -0.0247570
23.630  -0.0166460
23.640  -0.0016539
23.650   0.0103700
23.660   0.0213550
23.670   0.0357930
23.680   0.0468690
23.690   0.0455440
23.700   0.0377780
23.710   0.0338950
23.720   0.0338630
23.730   0.0338960
23.740   0.0373740
23.750   0.0423500
23.760   0.0391870
23.770   0.0277500
23.780   0.0212580
23.790   0.0218100
23.800   0.0172670
23.810   0.0065955
23.820   0.0041154
23.830   0.0107970
23.840   0.0103210
23.850  -0.0000702
23.860  -0.0047504
23.870   0.0004898
23.880   0.0027040
23.890  -0.0009760
23.900  -0.0009837
23.910   0.0018078
23.920  -0.0024523
23.930  -0.0097594
23.940  -0.0071192
23.950   0.0031603
23.960   0.0071254
23.970   0.0040432
23.980   0.0051123
23.990   0.0111770
24.000   0.0113270
24.010   0.0041007
24.020  -0.0018866
24.030  -0.0050487
24.040  -0.0126800
24.050  -0.0215880
24.060  -0.0189560
24.070  -0.0033456
24.080   0.0104010
24.090   0.0127860
24.100   0.0108620
24.110   0.0140640
24.120   0.0209460
24.130   0.0249670
24.140   0.0256350
24.150   0.0264070
24.160   0.0263130
24.170   0.0223020
24.180   0.0146520
24.190   0.0058267
24.200  -0.0024214
24.210  -0.0058955
24.220  -0.0012169
24.230   0.0091148
24.240   0.0205680
24.250   0.0343320
24.260   0.0550460
24.270   0.0788230
24.280   0.0904770
24.290   0.0792480
24.300   0.0546180
24.310   0.0353360
24.320   0.0268660
24.330   0.0222460
24.340   0.0189050
24.350   0.0213690
24.360   0.0270890
24.370   0.0252250
24.380   0.0116380
24.390  -0.0042138
24.400  -0.0116930
24.410  -0.0084212
24.420   0.0053236
24.430   0.0284050
24.440   0.0529690
24.450   0.0659650
24.460   0.0623950
24.470   0.0486360
24.480   0.0352340
24.490   0.0270140
24.500   0.0187520
24.510   0.0003316
24.520  -0.0262440
24.530  -0.0418780
24.540  -0.0328120
24.550  -0.0096166
24.560   0.0068703
24.570   0.0107200
24.580   0.0064652
24.590  -0.0054827
24.600  -0.0231180
24.610  -0.0301710
24.620  -0.0147920
24.630   0.0094443
24.640   0.0194800
24.650   0.0126910
24.660   0.0044192
24.670   0.0061476
24.680   0.0189410
24.690   0.0358080
24.700   0.0431250
24.710   0.0276150
24.720  -0.0060255
24.730  -0.0337570
24.740  -0.0350620
24.750  -0.0131870
24.760   0.0125670
24.770   0.0252230
24.780   0.0206290
24.790   0.0079033
24.800   0.0013540
24.810   0.0048584
24.820   0.0074882
24.830  -0.0009081
24.840  -0.0143480
24.850  -0.0198590
24.860  -0.0168250
24.870  -0.0154630
24.880  -0.0177020
24.890  -0.0146250
24.900  -0.0038277
24.910   0.0044732
24.920   0.0040525
24.930   0.0024025
24.940   0.0086236
24.950   0.0222610
24.960   0.0368370
24.970   0.0460940
24.980   0.0416680
24.990   0.0188920
25.000  -0.0123580
25.010  -0.0322270
25.020  -0.0328560
25.030  -0.0244800
25.040  -0.0189590
25.050  -0.0190080
25.060  -0.0232070
25.070  -0.0311540
25.080  -0.0402590
25.090  -0.0462850
25.100  -0.0465150
25.110  -0.0399460
25.120  -0.0245540
25.130  -0.0049712
25.140   0.0059808
25.150   0.0003976
25.160  -0.0114850
25.170  -0.0136310
25.180  -0.0031192
25.190   0.0087248
25.200   0.0126210
25.210   0.0109000
25.220   0.0101030
25.230   0.0117240
25.240   0.0114790
25.250   0.0040499
25.260  -0.0132120
25.270  -0.0352190
25.280  -0.0484460
25.290  -0.0415530
25.300  -0.0195020
25.310  -0.0019583
25.320  -0.0032905
25.330  -0.0189790
25.340  -0.0341710
25.350  -0.0397870
25.360  -0.0356700
25.370  -0.0258990
25.380  -0.0168550
25.390  -0.0143450
25.400  -0.0188850
25.410  -0.0265740
25.420  -0.0350840
25.430  -0.0417930
25.440  -0.0406660
25.450  -0.0287310
25.460  -0.0166800
25.470  -0.0184290
25.480  -0.0329010
25.490  -0.0447720
25.500  -0.0466930
25.510  -0.0455850
25.520  -0.0494850
25.530  -0.0556770
25.540  -0.0570470
25.550  -0.0501000
25.560  -0.0373800
25.570  -0.0252970
25.580  -0.0191220
25.590  -0.0157370
25.600  -0.0059451
25.610   0.0112050
25.620   0.0228990
25.630   0.0168520
25.640  -0.0031307
25.650  -0.0222900
25.660  -0.0308880
25.670  -0.0308240
25.680  -0.0291410
25.690  -0.0308750
25.700  -0.0362540
25.710  -0.0427840
25.720  -0.0475720
25.730  -0.0483030
25.740  -0.0432230
25.750  -0.0330940
25.760  -0.0234510
25.770  -0.0191970
25.780  -0.0181170
25.790  -0.0141490
25.800  -0.0079102
25.810  -0.0057459
25.820  -0.0090952
25.830  -0.0116910
25.840  -0.0059975
25.850   0.0094774
25.860   0.0295510
25.870   0.0424530
25.880   0.0374490
25.890   0.0144800
25.900  -0.0117570
25.910  -0.0239370
25.920  -0.0162840
25.930   0.0022608
25.940   0.0162560
25.950   0.0148290
25.960  -0.0024644
25.970  -0.0250700
25.980  -0.0409910
25.990  -0.0443270
26.000  -0.0373720
26.010  -0.0250600
26.020  -0.0135340
26.030  -0.0069322
26.040  -0.0042936
26.050  -0.0014125
26.060   0.0014377
26.070  -0.0018967
26.080  -0.0145900
26.090  -0.0306370
26.100  -0.0388690
26.110  -0.0347770
26.120  -0.0237290
26.130  -0.0137480
26.140  -0.0052129
26.150   0.0071955
26.160   0.0253090
26.170   0.0400680
26.180   0.0396240
26.190   0.0220400
26.200  -0.0014895
26.210  -0.0185500
26.220  -0.0235810
26.230  -0.0175730
26.240  -0.0031154
26.250   0.0160600
26.260   0.0345090
26.270   0.0461710
26.280   0.0489870
26.290   0.0462970
26.300   0.0431480
26.310   0.0405670
26.320   0.0369380
26.330   0.0319540
26.340   0.0296850
26.350   0.0313160
26.360   0.0334780
26.370   0.0311440
26.380   0.0239680
26.390   0.0130190
26.400   0.0004339
26.410  -0.0107190
26.420  -0.0167400
26.430  -0.0158770
26.440  -0.0096057
26.450  -0.0004476
26.460   0.0104090
26.470   0.0230120
26.480   0.0348880
26.490   0.0421770
26.500   0.0426540
26.510   0.0387230
26.520   0.0340580
26.530   0.0292400
26.540   0.0224450
26.550   0.0156480
26.560   0.0120500
26.570   0.0101680
26.580   0.0059374
26.590  -0.0005861
26.600  -0.0068073
26.610  -0.0119780
26.620  -0.0140650
26.630  -0.0086329
26.640   0.0036888
26.650   0.0139440
26.660   0.0175850
26.670   0.0201000
26.680   0.0260390
26.690   0.0331300
26.700   0.0417370
26.710   0.0553140
26.720   0.0666050
26.730   0.0615480
26.740   0.0432050
26.750   0.0329420
26.760   0.0392090
26.770   0.0449290
26.780   0.0368360
26.790   0.0248790
26.800   0.0222680
26.810   0.0231170
26.820   0.0149300
26.830  -0.0012847
26.840  -0.0146470
26.850  -0.0205260
26.860  -0.0230780
26.870  -0.0251130
26.880  -0.0245240
26.890  -0.0187540
26.900  -0.0089064
26.910   0.0017599
26.920   0.0103830
26.930   0.0156680
26.940   0.0162770
26.950   0.0109440
26.960   0.0024529
26.970  -0.0025395
26.980  -0.0004621
26.990   0.0049852
27.000   0.0085159
27.010   0.0109510
27.020   0.0170870
27.030   0.0274120
27.040   0.0365540
27.050   0.0411930
27.060   0.0438070
27.070   0.0484790
27.080   0.0552030
27.090   0.0601100
27.100   0.0599630
27.110   0.0536780
27.120   0.0415460
27.130   0.0254150
27.140   0.0099075
27.150  -0.0009058
27.160  -0.0059661
27.170  -0.0071691
27.180  -0.0065057
27.190  -0.0069621
27.200  -0.0115090
27.210  -0.0193780
27.220  -0.0245630
27.230  -0.0253110
27.240  -0.0269560
27.250  -0.0314880
27.260  -0.0312430
27.270  -0.0218210
27.280  -0.0129610
27.290  -0.0166600
27.300  -0.0304250
27.310  -0.0415110
27.320  -0.0439830
27.330  -0.0400370
27.340  -0.0301800
27.350  -0.0147450
27.360  -0.0006566
27.370   0.0050810
27.380   0.0054927
27.390   0.0069756
27.400   0.0086324
27.410   0.0069185
27.420   0.0039045
27.430   0.0047193
27.440   0.0084374
27.450   0.0099651
27.460   0.0062998
27.470  -0.0006256
27.480  -0.0073809
27.490  -0.0119670
27.500  -0.0147570
27.510  -0.0186180
27.520  -0.0248630
27.530  -0.0314640
27.540  -0.0358380
27.550  -0.0372180
27.560  -0.0329170
27.570  -0.0193140
27.580  -0.0001343
27.590   0.0143020
27.600   0.0175980
27.610   0.0119470
27.620   0.0015209
27.630  -0.0113330
27.640  -0.0235700
27.650  -0.0316790
27.660  -0.0354140
27.670  -0.0356690
27.680  -0.0306960
27.690  -0.0201570
27.700  -0.0093504
27.710  -0.0024516
27.720   0.0028035
27.730   0.0070155
27.740   0.0042633
27.750  -0.0079707
27.760  -0.0214410
27.770  -0.0285460
27.780  -0.0303400
27.790  -0.0303740
27.800  -0.0277580
27.810  -0.0233500
27.820  -0.0206540
27.830  -0.0187200
27.840  -0.0112000
27.850  -0.0004356
27.860   0.0017952
27.870  -0.0091397
27.880  -0.0212950
27.890  -0.0212970
27.900  -0.0089647
27.910   0.0065336
27.920   0.0199810
27.930   0.0322340
27.940   0.0425540
27.950   0.0441740
27.960   0.0322340
27.970   0.0125370
27.980  -0.0021481
27.990  -0.0057103
28.000  -0.0033990
28.010  -0.0017691
28.020   0.0012457
28.030   0.0115190
28.040   0.0263640
28.050   0.0370830
28.060   0.0413220
28.070   0.0444040
28.080   0.0466970
28.090   0.0412660
28.100   0.0233640
28.110  -0.0008833
28.120  -0.0213970
28.130  -0.0334980
28.140  -0.0374590
28.150  -0.0321840
28.160  -0.0179480
28.170   0.0002682
28.180   0.0188060
28.190   0.0385190
28.200   0.0572740
28.210   0.0666700
28.220   0.0629750
28.230   0.0535900
28.240   0.0452830
28.250   0.0330880
28.260   0.0115690
28.270  -0.0113820
28.280  -0.0231130
28.290  -0.0230380
28.300  -0.0177980
28.310  -0.0102330
28.320   0.0000316
28.330   0.0093635
28.340   0.0160880
28.350   0.0232580
28.360   0.0317780
28.370   0.0348150
28.380   0.0271540
28.390   0.0128870
28.400   0.0001735
28.410  -0.0040566
28.420   0.0038860
28.430   0.0201120
28.440   0.0301670
28.450   0.0218410
28.460  -0.0003811
28.470  -0.0220540
28.480  -0.0358550
28.490  -0.0457640
28.500  -0.0548120
28.510  -0.0620250
28.520  -0.0646910
28.530  -0.0595760
28.540  -0.0417400
28.550  -0.0115790
28.560   0.0234490
28.570   0.0553000
28.580   0.0783310
28.590   0.0861000
28.600   0.0764210
28.610   0.0590380
28.620   0.0442490
28.630   0.0267790
28.640  -0.0012899
28.650  -0.0271510
28.660  -0.0300040
28.670  -0.0143600
28.680  -0.0034428
28.690  -0.0029858
28.700   0.0015343
28.710   0.0111900
28.720   0.0083705
28.730  -0.0113010
28.740  -0.0297550
28.750  -0.0353530
28.760  -0.0357490
28.770  -0.0381190
28.780  -0.0387780
28.790  -0.0362450
28.800  -0.0371560
28.810  -0.0440330
28.820  -0.0487210
28.830  -0.0418060
28.840  -0.0232790
28.850  -0.0022077
28.860   0.0107850
28.870   0.0118770
28.880   0.0067977
28.890   0.0034842
28.900   0.0026115
28.910  -0.0001663
28.920  -0.0064333
28.930  -0.0127470
28.940  -0.0160340
28.950  -0.0143680
28.960  -0.0066853
28.970   0.0073956
28.980   0.0248020
28.990   0.0386460
29.000   0.0415600
29.010   0.0317510
29.020   0.0163920
29.030   0.0051078
29.040   0.0000028
29.050  -0.0058072
29.060  -0.0170770
29.070  -0.0299660
29.080  -0.0378720
29.090  -0.0378380
29.100  -0.0310910
29.110  -0.0222530
29.120  -0.0180150
29.130  -0.0206370
29.140  -0.0233520
29.150  -0.0178170
29.160  -0.0063966
29.170   0.0001047
29.180  -0.0015327
29.190  -0.0020281
29.200   0.0071810
29.210   0.0228640
29.220   0.0334430
29.230   0.0290120
29.240   0.0078781
29.250  -0.0194790
29.260  -0.0344710
29.270  -0.0257920
29.280  -0.0022340
29.290   0.0167760
29.300   0.0224220
29.310   0.0199290
29.320   0.0139430
29.330   0.0000274
29.340  -0.0239280
29.350  -0.0493210
29.360  -0.0640370
29.370  -0.0646930
29.380  -0.0556510
29.390  -0.0405140
29.400  -0.0195590
29.410   0.0060301
29.420   0.0285990
29.430   0.0373240
29.440   0.0268690
29.450   0.0051350
29.460  -0.0144760
29.470  -0.0246220
29.480  -0.0275880
29.490  -0.0261110
29.500  -0.0190730
29.510  -0.0057734
29.520   0.0083107
29.530   0.0150090
29.540   0.0110740
29.550   0.0007656
29.560  -0.0083073
29.570  -0.0116100
29.580  -0.0089652
29.590  -0.0011948
29.600   0.0104760
29.610   0.0206270
29.620   0.0212980
29.630   0.0122300
29.640   0.0034163
29.650   0.0031524
29.660   0.0082184
29.670   0.0116110
29.680   0.0115800
29.690   0.0084021
29.700   0.0008712
29.710  -0.0088199
29.720  -0.0149000
29.730  -0.0167580
29.740  -0.0186000
29.750  -0.0203790
29.760  -0.0163510
29.770  -0.0062946
29.780   0.0044856
29.790   0.0129580
29.800   0.0189000
29.810   0.0164670
29.820   0.0021273
29.830  -0.0145740
29.840  -0.0183540
29.850  -0.0072133
29.860   0.0090020
29.870   0.0217660
29.880   0.0282520
29.890   0.0256690
29.900   0.0142620
29.910  -0.0011344
29.920  -0.0160770
29.930  -0.0287470
29.940  -0.0329880
29.950  -0.0236140
29.960  -0.0093799
29.970  -0.0065793
29.980  -0.0166930
29.990  -0.0248060
30.000  -0.0227520
30.010  -0.0184220
30.020  -0.0190540
30.030  -0.0206470
30.040  -0.0191830
30.050  -0.0190480
30.060  -0.0221360
30.070  -0.0222160
30.080  -0.0143940
30.090  -0.0052374
30.100  -0.0045174
30.110  -0.0141320
30.120  -0.0265780
30.130  -0.0350180
30.140  -0.0382150
30.150  -0.0375380
30.160  -0.0336330
30.170  -0.0277350
30.180  -0.0209750
30.190  -0.0107140
30.200   0.0051560
30.210   0.0209950
30.220   0.0262020
30.230   0.0194520
30.240   0.0115080
30.250   0.0118840
30.260   0.0174750
30.270   0.0213570
30.280   0.0234630
30.290   0.0263100
30.300   0.0280990
30.310   0.0254460
30.320   0.0193720
30.330   0.0120950
30.340   0.0049639
30.350  -0.0015375
30.360  -0.0044985
30.370  -0.0033975
30.380  -0.0018377
30.390  -0.0022111
30.400  -0.0010457
30.410   0.0037115
30.420   0.0077361
30.430   0.0084652
30.440   0.0102230
30.450   0.0168240
30.460   0.0253900
30.470   0.0336640
30.480   0.0448670
30.490   0.0569180
30.500   0.0554890
30.510   0.0305310
30.520  -0.0047019
30.530  -0.0251720
30.540  -0.0209000
30.550  -0.0034830
30.560   0.0115040
30.570   0.0203230
30.580   0.0296310
30.590   0.0443750
30.600   0.0595260
30.610   0.0669000
30.620   0.0648430
30.630   0.0584890
30.640   0.0492180
30.650   0.0349610
30.660   0.0191480
30.670   0.0107440
30.680   0.0113180
30.690   0.0133130
30.700   0.0132530
30.710   0.0155290
30.720   0.0210220
30.730   0.0224810
30.740   0.0166710
30.750   0.0107330
30.760   0.0120780
30.770   0.0185630
30.780   0.0246020
30.790   0.0280090
30.800   0.0281240
30.810   0.0222840
30.820   0.0101210
30.830  -0.0019629
30.840  -0.0058180
30.850   0.0000804
30.860   0.0086640
30.870   0.0128270
30.880   0.0107350
30.890   0.0066221
30.900   0.0064862
30.910   0.0130390
30.920   0.0213910
30.930   0.0227380
30.940   0.0136660
30.950   0.0002158
30.960  -0.0098844
30.970  -0.0150540
30.980  -0.0178730
30.990  -0.0174410
31.000  -0.0115660
31.010  -0.0036234
31.020  -0.0025130
31.030  -0.0124620
31.040  -0.0275140
31.050  -0.0376620
31.060  -0.0387480
31.070  -0.0345430
31.080  -0.0299300
31.090  -0.0264320
31.100  -0.0249450
31.110  -0.0271380
31.120  -0.0320730
31.130  -0.0347980
31.140  -0.0345480
31.150  -0.0368270
31.160  -0.0434590
31.170  -0.0444850
31.180  -0.0318660
31.190  -0.0124470
31.200   0.0005888
31.210   0.0043844
31.220   0.0030639
31.230  -0.0026146
31.240  -0.0131770
31.250  -0.0216530
31.260  -0.0196820
31.270  -0.0072907
31.280   0.0089413
31.290   0.0234990
31.300   0.0298850
31.310   0.0225290
31.320   0.0066669
31.330  -0.0020485
31.340   0.0036423
31.350   0.0133480
31.360   0.0122280
31.370  -0.0025796
31.380  -0.0218980
31.390  -0.0352170
31.400  -0.0384010
31.410  -0.0357840
31.420  -0.0335480
31.430  -0.0315140
31.440  -0.0227880
31.450  -0.0065288
31.460   0.0069683
31.470   0.0081132
31.480   0.0007301
31.490  -0.0042517
31.500  -0.0018235
31.510   0.0056037
31.520   0.0150330
31.530   0.0235850
31.540   0.0260590
31.550   0.0183450
31.560   0.0046898
31.570  -0.0032569
31.580   0.0017922
31.590   0.0149030
31.600   0.0237210
31.610   0.0213700
31.620   0.0113290
31.630   0.0022354
31.640  -0.0016642
31.650  -0.0023193
31.660  -0.0023903
31.670  -0.0017358
31.680  -0.0009350
31.690  -0.0032399
31.700  -0.0086933
31.710  -0.0114220
31.720  -0.0067291
31.730   0.0020692
31.740   0.0080376
31.750   0.0075650
31.760   0.0036010
31.770   0.0033536
31.780   0.0133830
31.790   0.0305560
31.800   0.0412500
31.810   0.0360110
31.820   0.0242280
31.830   0.0228930
31.840   0.0316320
31.850   0.0345400
31.860   0.0251480
31.870   0.0157720
31.880   0.0166090
31.890   0.0213250
31.900   0.0179080
31.910   0.0066424
31.920  -0.0024786
31.930  -0.0044531
31.940  -0.0045102
31.950  -0.0076428
31.960  -0.0103470
31.970  -0.0030794
31.980   0.0170070
31.990   0.0402230
32.000   0.0501500
32.010   0.0393480
32.020   0.0146010
32.030  -0.0094026
32.040  -0.0230710
32.050  -0.0259330
32.060  -0.0234810
32.070  -0.0199030
32.080  -0.0158310
32.090  -0.0103110
32.100  -0.0053043
32.110  -0.0047118
32.120  -0.0084735
32.130  -0.0114370
32.140  -0.0101920
32.150  -0.0081452
32.160  -0.0085842
32.170  -0.0082452
32.180  -0.0018185
32.190   0.0082329
32.200   0.0135100
32.210   0.0088806
32.220  -0.0027030
32.230  -0.0143420
32.240  -0.0206600
32.250  -0.0215540
32.260  -0.0207500
32.270  -0.0217440
32.280  -0.0251000
32.290  -0.0295010
32.300  -0.0330200
32.310  -0.0341420
32.320  -0.0325930
32.330  -0.0305930
32.340  -0.0303490
32.350  -0.0314680
32.360  -0.0304500
32.370  -0.0248410
32.380  -0.0135910
32.390   0.0009521
32.400   0.0122130
32.410   0.0141210
32.420   0.0085462
32.430   0.0024416
32.440  -0.0012131
32.450  -0.0026656
32.460  -0.0007469
32.470   0.0053512
32.480   0.0102630
32.490   0.0080157
32.500   0.0017023
32.510   0.0002166
32.520   0.0060577
32.530   0.0130690
32.540   0.0168460
32.550   0.0179640
32.560   0.0185350
32.570   0.0192090
32.580   0.0204300
32.590   0.0215250
32.600   0.0201250
32.610   0.0140620
32.620   0.0045569
32.630  -0.0040274
32.640  -0.0086958
32.650  -0.0085749
32.660  -0.0028643
32.670   0.0079249
32.680   0.0179620
32.690   0.0190220
32.700   0.0098011
32.710  -0.0014485
32.720  -0.0067154
32.730  -0.0070932
32.740  -0.0069918
32.750  -0.0069507
32.760  -0.0064712
32.770  -0.0071413
32.780  -0.0082407
32.790  -0.0073006
32.800  -0.0062352
32.810  -0.0085990
32.820  -0.0102240
32.830  -0.0041277
32.840   0.0051207
32.850   0.0060901
32.860   0.0005945
32.870   0.0015954
32.880   0.0105550
32.890   0.0158060
32.900   0.0138360
32.910   0.0119800
32.920   0.0116760
32.930   0.0080760
32.940   0.0048731
32.950   0.0092152
32.960   0.0144240
32.970   0.0080198
32.980  -0.0053198
32.990  -0.0095334
33.000  -0.0044714
33.010  -0.0039727
33.020  -0.0096186
33.030  -0.0084427
33.040   0.0026227
33.050   0.0117230
33.060   0.0121050
33.070   0.0102450
33.080   0.0113690
33.090   0.0104640
33.100   0.0015835
33.110  -0.0123510
33.120  -0.0238920
33.130  -0.0295110
33.140  -0.0301630
33.150  -0.0255800
33.160  -0.0140940
33.170   0.0008551
33.180   0.0080683
33.190   0.0007961
33.200  -0.0109850
33.210  -0.0109200
33.220   0.0012343
33.230   0.0105580
33.240   0.0105120
33.250   0.0104550
33.260   0.0163290
33.270   0.0193610
33.280   0.0105750
33.290  -0.0044417
33.300  -0.0128520
33.310  -0.0083148
33.320   0.0053664
33.330   0.0188710
33.340   0.0230110
33.350   0.0173480
33.360   0.0117140
33.370   0.0145270
33.380   0.0210590
33.390   0.0215030
33.400   0.0162430
33.410   0.0138820
33.420   0.0172850
33.430   0.0205890
33.440   0.0199290
33.450   0.0168600
33.460   0.0132940
33.470   0.0087512
33.480   0.0039585
33.490  -0.0002935
33.500  -0.0051850
33.510  -0.0105830
33.520  -0.0122780
33.530  -0.0095602
33.540  -0.0104860
33.550  -0.0201200
33.560  -0.0304300
33.570  -0.0314470
33.580  -0.0274740
33.590  -0.0287440
33.600  -0.0337610
33.610  -0.0325920
33.620  -0.0253250
33.630  -0.0213350
33.640  -0.0225660
33.650  -0.0220050
33.660  -0.0177930
33.670  -0.0148330
33.680  -0.0142620
33.690  -0.0113790
33.700  -0.0036609
33.710   0.0067827
33.720   0.0160960
33.730   0.0188610
33.740   0.0104320
33.750  -0.0051955
33.760  -0.0159090
33.770  -0.0160380
33.780  -0.0123820
33.790  -0.0136950
33.800  -0.0206850
33.810  -0.0293990
33.820  -0.0358520
33.830  -0.0377550
33.840  -0.0359570
33.850  -0.0350480
33.860  -0.0367630
33.870  -0.0360500
33.880  -0.0282750
33.890  -0.0163620
33.900  -0.0064741
33.910  -0.0010344
33.920  -0.0001514
33.930  -0.0034574
33.940  -0.0081451
33.950  -0.0105930
33.960  -0.0109950
33.970  -0.0108330
33.980  -0.0076521
33.990   0.0002752
34.000   0.0081861
34.010   0.0111980
34.020   0.0114370
34.030   0.0127440
34.040   0.0141060
34.050   0.0145240
34.060   0.0151890
34.070   0.0135660
34.080   0.0050882
34.090  -0.0056135
34.100  -0.0088849
34.110  -0.0072019
34.120  -0.0119940
34.130  -0.0229720
34.140  -0.0272550
34.150  -0.0205740
34.160  -0.0101330
34.170   0.0016590
34.180   0.0179670
34.190   0.0337870
34.200   0.0398570
34.210   0.0367400
34.220   0.0301560
34.230   0.0194560
34.240   0.0060834
34.250   0.0007309
34.260   0.0080386
34.270   0.0143980
34.280   0.0085636
34.290  -0.0011693
34.300  -0.0024948
34.310   0.0017696
34.320   0.0032845
34.330   0.0028051
34.340   0.0025742
34.350  -0.0005386
34.360  -0.0056761
34.370  -0.0032941
34.380   0.0086825
34.390   0.0173540
34.400   0.0108110
34.410  -0.0066882
34.420  -0.0223510
34.430  -0.0280270
34.440  -0.0228520
34.450  -0.0096120
34.460   0.0061856
34.470   0.0189460
34.480   0.0266680
34.490   0.0308580
34.500   0.0320720
34.510   0.0281420
34.520   0.0188740
34.530   0.0097089
34.540   0.0068073
34.550   0.0091854
34.560   0.0103440
34.570   0.0079507
34.580   0.0082369
34.590   0.0166570
34.600   0.0285680
34.610   0.0338420
34.620   0.0290930
34.630   0.0193070
34.640   0.0115660
34.650   0.0098674
34.660   0.0126930
34.670   0.0143300
34.680   0.0119840
34.690   0.0101230
34.700   0.0125240
34.710   0.0136090
34.720   0.0062835
34.730  -0.0050357
34.740  -0.0101130
34.750  -0.0103930
34.760  -0.0149130
34.770  -0.0223440
34.780  -0.0201320
34.790  -0.0055014
34.800   0.0103690
34.810   0.0178500
34.820   0.0201590
34.830   0.0225930
34.840   0.0252120
34.850   0.0256950
34.860   0.0242390
34.870   0.0192820
34.880   0.0078981
34.890  -0.0071638
34.900  -0.0153070
34.910  -0.0099573
34.920   0.0017700
34.930   0.0070239
34.940   0.0023740
34.950  -0.0041662
34.960  -0.0045503
34.970   0.0007358
34.980   0.0062077
34.990   0.0081017
35.000   0.0059914
35.010   0.0023489
35.020   0.0023171
35.030   0.0087617
35.040   0.0166770
35.050   0.0172430
35.060   0.0081725
35.070  -0.0026131
35.080  -0.0059113
35.090  -0.0019642
35.100   0.0004798
35.110  -0.0050348
35.120  -0.0144500
35.130  -0.0180680
35.140  -0.0134370
35.150  -0.0087631
35.160  -0.0086104
35.170  -0.0071679
35.180  -0.0012398
35.190   0.0015445
35.200  -0.0032986
35.210  -0.0068558
35.220  -0.0004572
35.230   0.0086068
35.240   0.0088928
35.250   0.0034202
35.260   0.0018503
35.270   0.0022719
35.280  -0.0013980
35.290  -0.0037190
35.300   0.0027726
35.310   0.0115200
35.320   0.0108890
35.330   0.0024857
35.340  -0.0057300
35.350  -0.0136400
35.360  -0.0230200
35.370  -0.0254370
35.380  -0.0142380
35.390   0.0009215
35.400   0.0061460
35.410   0.0027394
35.420   0.0002582
35.430   0.0001126
35.440  -0.0009991
35.450  -0.0015841
35.460  -0.0001867
35.470  -0.0007512
35.480  -0.0037750
35.490  -0.0036203
35.500  -0.0003472
35.510  -0.0022998
35.520  -0.0103630
35.530  -0.0145570
35.540  -0.0112820
35.550  -0.0090390
35.560  -0.0126270
35.570  -0.0159980
35.580  -0.0147910
35.590  -0.0121330
35.600  -0.0089018
35.610  -0.0018783
35.620   0.0069293
35.630   0.0103490
35.640   0.0072751
35.650   0.0040769
35.660   0.0033223
35.670   0.0008703
35.680  -0.0059856
35.690  -0.0130460
35.700  -0.0164130
35.710  -0.0156490
35.720  -0.0130300
35.730  -0.0099577
35.740  -0.0052821
35.750   0.0036268
35.760   0.0134100
35.770   0.0155760
35.780   0.0088116
35.790   0.0030904
35.800   0.0070528
35.810   0.0160380
35.820   0.0203050
35.830   0.0185230
35.840   0.0162930
35.850   0.0129370
35.860   0.0044053
35.870  -0.0059516
35.880  -0.0096268
35.890  -0.0060605
35.900  -0.0017484
35.910   0.0002240
35.920   0.0035330
35.930   0.0094428
35.940   0.0130260
35.950   0.0106120
35.960   0.0074545
35.970   0.0096237
35.980   0.0142180
35.990   0.0130920
36.000   0.0068594
36.010   0.0047351
36.020   0.0101930
36.030   0.0154730
36.040   0.0148020
36.050   0.0132500
36.060   0.0157570
36.070   0.0171940
36.080   0.0114670
36.090   0.0034899
36.100   0.0013834
36.110   0.0032521
36.120   0.0026604
36.130   0.0010146
36.140   0.0025778
36.150   0.0026818
36.160  -0.0053881
36.170  -0.0164940
36.180  -0.0193370
36.190  -0.0125560
36.200  -0.0049361
36.210  -0.0014813
36.220   0.0002293
36.230   0.0030252
36.240   0.0058812
36.250   0.0066135
36.260   0.0029919
36.270  -0.0055653
36.280  -0.0139750
36.290  -0.0152810
36.300  -0.0112120
36.310  -0.0114230
36.320  -0.0186720
36.330  -0.0247850
36.340  -0.0239180
36.350  -0.0203830
36.360  -0.0196990
36.370  -0.0203760
36.380  -0.0184000
36.390  -0.0142350
36.400  -0.0109950
36.410  -0.0098086
36.420  -0.0086309
36.430  -0.0055665
36.440  -0.0017372
36.450  -0.0010741
36.460  -0.0049924
36.470  -0.0093169
36.480  -0.0096695
36.490  -0.0086656
36.500  -0.0108060
36.510  -0.0137070
36.520  -0.0120650
36.530  -0.0082227
36.540  -0.0077579
36.550  -0.0092239
36.560  -0.0081963
36.570  -0.0079748
36.580  -0.0130580
36.590  -0.0169500
36.600  -0.0099270
36.610   0.0030334
36.620   0.0084299
36.630   0.0053398
36.640   0.0053740
36.650   0.0109600
36.660   0.0123000
36.670   0.0058046
36.680   0.0000672
36.690   0.0007490
36.700   0.0043619
36.710   0.0077048
36.720   0.0117660
36.730   0.0149030
36.740   0.0119530
36.750   0.0027311
36.760  -0.0063715
36.770  -0.0106490
36.780  -0.0099384
36.790  -0.0039311
36.800   0.0065380
36.810   0.0148600
36.820   0.0145530
36.830   0.0081887
36.840   0.0034779
36.850   0.0029355
36.860   0.0033570
36.870   0.0052881
36.880   0.0118890
36.890   0.0207220
36.900   0.0236610
36.910   0.0205470
36.920   0.0190680
36.930   0.0228520
36.940   0.0257080
36.950   0.0224110
36.960   0.0135770
36.970   0.0014888
36.980  -0.0114810
36.990  -0.0198000
37.000  -0.0202920
37.010  -0.0182110
37.020  -0.0191370
37.030  -0.0188160
37.040  -0.0114790
37.050  -0.0019988
37.060   0.0016132
37.070   0.0030006
37.080   0.0094691
37.090   0.0165330
37.100   0.0149110
37.110   0.0080125
37.120   0.0057705
37.130   0.0066218
37.140   0.0010430
37.150  -0.0111510
37.160  -0.0200880
37.170  -0.0204710
37.180  -0.0138590
37.190  -0.0010019
37.200   0.0149330
37.210   0.0225560
37.220   0.0145340
37.230   0.0021078
37.240   0.0024991
37.250   0.0137010
37.260   0.0184830
37.270   0.0109050
37.280   0.0032611
37.290   0.0031530
37.300   0.0045935
37.310   0.0033996
37.320   0.0052901
37.330   0.0124800
37.340   0.0170940
37.350   0.0128890
37.360   0.0022151
37.370  -0.0104890
37.380  -0.0217370
37.390  -0.0253120
37.400  -0.0172650
37.410  -0.0052835
37.420  -0.0007113
37.430  -0.0040644
37.440  -0.0070949
37.450  -0.0068049
37.460  -0.0060223
37.470  -0.0060386
37.480  -0.0060529
37.490  -0.0063327
37.500  -0.0064129
37.510  -0.0053631
37.520  -0.0052880
37.530  -0.0077973
37.540  -0.0091724
37.550  -0.0062019
37.560  -0.0043047
37.570  -0.0088198
37.580  -0.0137220
37.590  -0.0094578
37.600   0.0013885
37.610   0.0080556
37.620   0.0071528
37.630   0.0044925
37.640   0.0050428
37.650   0.0075896
37.660   0.0071314
37.670   0.0000681
37.680  -0.0104390
37.690  -0.0155840
37.700  -0.0115920
37.710  -0.0056961
37.720  -0.0067570
37.730  -0.0133110
37.740  -0.0174580
37.750  -0.0170060
37.760  -0.0154800
37.770  -0.0148680
37.780  -0.0126540
37.790  -0.0071187
37.800   0.0015360
37.810   0.0096466
37.820   0.0131400
37.830   0.0101750
37.840   0.0056668
37.850   0.0054157
37.860   0.0086462
37.870   0.0086543
37.880   0.0050724
37.890   0.0058762
37.900   0.0150960
37.910   0.0239320
37.920   0.0228040
37.930   0.0146830
37.940   0.0079408
37.950   0.0015969
37.960  -0.0084427
37.970  -0.0166890
37.980  -0.0165390
37.990  -0.0136070
38.000  -0.0158500
38.010  -0.0172180
38.020  -0.0086915
38.030   0.0019852
38.040   0.0001581
38.050  -0.0111790
38.060  -0.0170480
38.070  -0.0153830
38.080  -0.0151640
38.090  -0.0147000
38.100  -0.0029347
38.110   0.0183300
38.120   0.0329520
38.130   0.0327470
38.140   0.0253970
38.150   0.0186270
38.160   0.0100800
38.170  -0.0024557
38.180  -0.0130910
38.190  -0.0153520
38.200  -0.0113810
38.210  -0.0072444
38.220  -0.0062703
38.230  -0.0093227
38.240  -0.0154910
38.250  -0.0179980
38.260  -0.0099125
38.270   0.0036400
38.280   0.0080861
38.290  -0.0002624
38.300  -0.0079678
38.310  -0.0050281
38.320   0.0009510
38.330  -0.0015427
38.340  -0.0098199
38.350  -0.0148880
38.360  -0.0154010
38.370  -0.0161500
38.380  -0.0171260
38.390  -0.0139110
38.400  -0.0042624
38.410   0.0075222
38.420   0.0139750
38.430   0.0102530
38.440  -0.0005575
38.450  -0.0113140
38.460  -0.0176490
38.470  -0.0192230
38.480  -0.0145270
38.490  -0.0040393
38.500   0.0046274
38.510   0.0040167
38.520  -0.0018982
38.530  -0.0040641
38.540  -0.0008296
38.550   0.0027638
38.560   0.0027045
38.570  -0.0036989
38.580  -0.0142310
38.590  -0.0181870
38.600  -0.0065318
38.610   0.0123020
38.620   0.0202920
38.630   0.0137070
38.640   0.0048655
38.650   0.0020534
38.660   0.0041497
38.670   0.0117760
38.680   0.0244580
38.690   0.0313480
38.700   0.0242050
38.710   0.0111030
38.720   0.0048304
38.730   0.0048896
38.740   0.0066218
38.750   0.0127000
38.760   0.0231470
38.770   0.0263220
38.780   0.0162860
38.790   0.0049615
38.800   0.0041103
38.810   0.0085321
38.820   0.0084585
38.830   0.0055083
38.840   0.0053852
38.850   0.0070769
38.860   0.0083839
38.870   0.0130590
38.880   0.0225150
38.890   0.0305460
38.900   0.0304420
38.910   0.0239750
38.920   0.0160650
38.930   0.0108900
38.940   0.0100700
38.950   0.0130230
38.960   0.0140790
38.970   0.0099610
38.980   0.0060439
38.990   0.0111490
39.000   0.0236450
39.010   0.0318340
39.020   0.0283390
39.030   0.0171840
39.040   0.0083765
39.050   0.0095806
39.060   0.0190290
39.070   0.0245040
39.080   0.0000000
39.090   0.0000000
39.100   0.0000000
39.110   0.0000000
39.120   0.0000000
