0.000000  0.000000
0.020000  -0.100000
0.040000  0.105000
0.060000  0.061000
0.080000  0.059000
0.100000  0.029000
0.120000  -0.019000
0.140000  -0.170000
0.160000  -0.016000
0.180000  0.164000
0.200000  0.236000
0.220000  -0.017000
0.240000  0.141000
0.260000  0.091000
0.280000  -0.298000
0.300000  -0.447000
0.320000  -0.235000
0.340000  0.035000
0.360000  0.163000
0.380000  -0.156000
0.400000  -0.118000
0.420000  0.109000
0.440000  -0.062000
0.460000  -0.130000
0.480000  -0.043000
0.500000  0.056000
0.520000  -0.146000
0.540000  -0.135000
0.560000  -0.132000
0.580000  -0.099000
0.600000  0.162000
0.620000  0.323000
0.640000  0.059000
0.660000  -0.246000
0.680000  -0.202000
0.700000  -0.046000
0.720000  0.183000
0.740000  0.368000
0.760000  0.424000
0.780000  0.352000
0.800000  -0.151000
0.820000  -0.165000
0.840000  -0.168000
0.860000  -0.153000
0.880000  0.103000
0.900000  0.382000
0.920000  0.134000
0.940000  -0.544000
0.960000  -0.643000
0.980000  -0.246000
1.000000  0.195000
1.020000  0.556000
1.040000  0.556000
1.060000  0.104000
1.080000  -0.319000
1.100000  -0.425000
1.120000  -0.087000
1.140000  0.320000
1.160000  0.694000
1.180000  0.235000
1.200000  -0.481000
1.220000  -0.505000
1.240000  -0.129000
1.260000  0.262000
1.280000  0.730000
1.300000  0.666000
1.320000  -0.014000
1.340000  -0.374000
1.360000  -0.598000
1.380000  -0.478000
1.400000  0.064000
1.420000  0.624000
1.440000  0.390000
1.460000  -0.381000
1.480000  -0.588000
1.500000  -0.436000
1.520000  -0.221000
1.540000  0.013000
1.560000  0.369000
1.580000  0.390000
1.600000  -0.111000
1.620000  -0.562000
1.640000  0.008000
1.660000  0.412000
1.680000  0.140000
1.700000  -0.462000
1.720000  -0.836000
1.740000  -0.546000
1.760000  -0.046000
1.780000  0.435000
1.800000  0.436000
1.820000  0.240000
1.840000  0.011000
1.860000  -0.243000
1.880000  -0.332000
1.900000  -0.107000
1.920000  0.189000
1.940000  0.263000
1.960000  -0.185000
1.980000  -0.300000
2.000000  -0.163000
2.020000  0.087000
2.040000  0.097000
2.060000  -0.076000
2.080000  -0.084000
2.100000  -0.206000
2.120000  -0.184000
2.140000  0.074000
2.160000  0.264000
2.180000  0.286000
2.200000  0.158000
2.220000  -0.028000
2.240000  -0.221000
2.260000  -0.367000
2.280000  -0.163000
2.300000  0.082000
2.320000  0.162000
2.340000  0.259000
2.360000  0.253000
2.380000  0.048000
2.400000  -0.051000
2.420000  -0.045000
2.440000  -0.004000
2.460000  0.141000
2.480000  0.262000
2.500000  0.108000
2.520000  -0.203000
2.540000  -0.292000
2.560000  -0.081000
2.580000  0.176000
2.600000  0.149000
2.620000  -0.026000
2.640000  -0.220000
2.660000  -0.099000
2.680000  0.114000
2.700000  0.343000
2.720000  -0.117000
2.740000  -0.202000
2.760000  0.030000
2.780000  0.273000
2.800000  0.154000
2.820000  0.139000
2.840000  0.265000
2.860000  0.167000
2.880000  -0.089000
2.900000  -0.031000
2.920000  -0.032000
2.940000  -0.040000
2.960000  0.034000
2.980000  0.137000
3.000000  -0.046000
3.020000  -0.094000
3.040000  0.182000
3.060000  0.335000
3.080000  0.009000
3.100000  -0.224000
3.120000  0.192000
3.140000  0.205000
3.160000  -0.142000
3.180000  -0.139000
3.200000  -0.155000
3.220000  -0.162000
3.240000  0.062000
3.260000  0.310000
3.280000  0.101000
3.300000  -0.174000
3.320000  -0.067000
3.340000  -0.213000
3.360000  -0.231000
3.380000  -0.048000
3.400000  0.117000
3.420000  -0.004000
3.440000  0.100000
3.460000  0.212000
3.480000  0.137000
3.500000  -0.070000
3.520000  0.139000
3.540000  0.218000
3.560000  0.294000
3.580000  0.088000
3.600000  -0.250000
3.620000  -0.328000
3.640000  -0.093000
3.660000  0.032000
3.680000  -0.042000
3.700000  -0.044000
3.720000  0.100000
3.740000  0.248000
3.760000  0.460000
3.780000  0.359000
3.800000  -0.028000
3.820000  -0.356000
3.840000  -0.265000
3.860000  -0.025000
3.880000  0.182000
3.900000  0.314000
3.920000  0.411000
3.940000  0.465000
3.960000  0.492000
3.980000  0.438000
4.000000  0.478000
4.020000  0.524000
4.040000  0.418000
4.060000  0.319000
4.080000  0.373000
4.100000  0.460000
4.120000  0.492000
4.140000  0.317000
4.160000  0.384000
4.180000  0.311000
4.200000  0.143000
4.220000  -0.086000
4.240000  -0.355000
4.260000  -0.296000
4.280000  0.062000
4.300000  0.041000
4.320000  -0.294000
4.340000  -0.703000
4.360000  -1.092000
4.380000  -1.017000
4.400000  -0.791000
4.420000  -0.519000
4.440000  -0.312000
4.460000  -0.237000
4.480000  -0.207000
4.500000  -0.165000
4.520000  -0.135000
4.540000  -0.150000
4.560000  -0.415000
4.580000  -0.708000
4.600000  -1.024000
4.620000  -0.982000
4.640000  -0.636000
4.660000  -0.243000
4.680000  0.108000
4.700000  0.450000
4.720000  0.647000
4.740000  0.444000
4.760000  0.146000
4.780000  -0.118000
4.800000  -0.373000
4.820000  -0.447000
4.840000  -0.347000
4.860000  -0.259000
4.880000  -0.311000
4.900000  -0.328000
4.920000  -0.184000
4.940000  -0.258000
4.960000  -0.526000
4.980000  -0.628000
5.000000  -0.676000
5.020000  -0.543000
5.040000  -0.337000
5.060000  -0.107000
5.080000  0.111000
5.100000  0.136000
5.120000  0.056000
5.140000  -0.054000
5.160000  -0.055000
5.180000  0.129000
5.200000  0.354000
5.220000  0.460000
5.240000  0.358000
5.260000  0.258000
5.280000  0.249000
5.300000  0.425000
5.320000  0.373000
5.340000  -0.086000
5.360000  -0.525000
5.380000  -0.298000
5.400000  -0.040000
5.420000  0.172000
5.440000  0.119000
5.460000  -0.188000
5.480000  -0.222000
5.500000  0.002000
5.520000  0.173000
5.540000  0.321000
5.560000  0.437000
5.580000  0.500000
5.600000  0.457000
5.620000  0.457000
5.640000  0.376000
5.660000  0.180000
5.680000  -0.013000
5.700000  0.044000
5.720000  0.167000
5.740000  0.330000
5.760000  0.283000
5.780000  0.141000
5.800000  0.283000
5.820000  0.493000
5.840000  0.725000
5.860000  0.968000
5.880000  1.050000
5.900000  0.791000
5.920000  0.719000
5.940000  0.876000
5.960000  0.934000
5.980000  0.487000
6.000000  -0.185000
6.020000  -0.530000
6.040000  -0.384000
6.060000  -0.243000
6.080000  -0.488000
6.100000  -0.886000
6.120000  -0.726000
6.140000  -0.334000
6.160000  0.231000
6.180000  0.972000
6.200000  1.336000
6.220000  1.037000
6.240000  0.651000
6.260000  0.191000
6.280000  -0.222000
6.300000  -0.693000
6.320000  -0.903000
6.340000  -0.761000
6.360000  -0.571000
6.380000  -0.351000
6.400000  -0.127000
6.420000  0.201000
6.440000  0.533000
6.460000  0.878000
6.480000  0.743000
6.500000  0.289000
6.520000  -0.241000
6.540000  -0.525000
6.560000  -0.183000
6.580000  0.246000
6.600000  0.772000
6.620000  0.806000
6.640000  0.378000
6.660000  -0.089000
6.680000  -0.510000
6.700000  -0.616000
6.720000  -0.597000
6.740000  -1.001000
6.760000  -1.255000
6.780000  -0.922000
6.800000  -0.067000
6.820000  0.920000
6.840000  0.875000
6.860000  0.439000
6.880000  0.764000
6.900000  1.099000
6.920000  0.857000
6.940000  0.365000
6.960000  -0.031000
6.980000  -0.379000
7.000000  -0.832000
7.020000  -1.016000
7.040000  -0.672000
7.060000  -0.252000
7.080000  0.106000
7.100000  0.341000
7.120000  0.096000
7.140000  -0.234000
7.160000  -0.487000
7.180000  -0.396000
7.200000  0.428000
7.220000  0.514000
7.240000  -0.120000
7.260000  -0.924000
7.280000  -1.563000
7.300000  -1.545000
7.320000  -1.368000
7.340000  -1.138000
7.360000  -0.925000
7.380000  -0.724000
7.400000  -0.526000
7.420000  -0.328000
7.440000  0.030000
7.460000  0.329000
7.480000  0.469000
7.500000  0.557000
7.520000  0.375000
7.540000  0.114000
7.560000  -0.163000
7.580000  -0.452000
7.600000  -0.644000
7.620000  -0.484000
7.640000  -0.245000
7.660000  -0.062000
7.680000  0.092000
7.700000  0.279000
7.720000  0.500000
7.740000  0.541000
7.760000  0.608000
7.780000  0.590000
7.800000  0.355000
7.820000  0.159000
7.840000  -0.326000
7.860000  -0.936000
7.880000  -0.762000
7.900000  -0.395000
7.920000  -0.285000
7.940000  -0.485000
7.960000  -0.450000
7.980000  -0.066000
8.000000  0.357000
8.020000  0.853000
8.040000  0.926000
8.060000  0.347000
8.080000  -0.285000
8.100000  -0.981000
8.120000  -1.054000
8.140000  -0.732000
8.160000  -0.335000
8.180000  0.068000
8.200000  0.478000
8.220000  0.860000
8.240000  0.686000
8.260000  0.056000
8.280000  -0.591000
8.300000  -1.251000
8.320000  -0.877000
8.340000  0.145000
8.360000  1.112000
8.380000  0.743000
8.400000  -0.117000
8.420000  -1.065000
8.440000  -1.634000
8.460000  -0.945000
8.480000  -0.136000
8.500000  0.212000
8.520000  0.478000
8.540000  0.637000
8.560000  0.810000
8.580000  0.763000
8.600000  0.207000
8.620000  -0.113000
8.640000  0.202000
8.660000  0.236000
8.680000  -0.074000
8.700000  -0.097000
8.720000  0.144000
8.740000  0.415000
8.760000  0.720000
8.780000  0.893000
8.800000  0.688000
8.820000  0.390000
8.840000  0.063000
8.860000  0.006000
8.880000  0.082000
8.900000  -0.080000
8.920000  -0.319000
8.940000  -0.203000
8.960000  0.182000
8.980000  0.613000
9.000000  0.953000
9.020000  0.653000
9.040000  0.123000
9.060000  -0.375000
9.080000  -0.747000
9.100000  -0.810000
9.120000  -0.513000
9.140000  -0.180000
9.160000  0.170000
9.180000  0.541000
9.200000  0.714000
9.220000  0.633000
9.240000  0.742000
9.260000  0.917000
9.280000  0.750000
9.300000  0.279000
9.320000  -0.376000
9.340000  -1.012000
9.360000  -1.002000
9.380000  -1.091000
9.400000  -0.932000
9.420000  -0.323000
9.440000  0.381000
9.460000  1.074000
9.480000  1.153000
9.500000  0.911000
9.520000  0.591000
9.540000  0.444000
9.560000  0.597000
9.580000  0.813000
9.600000  0.885000
9.620000  0.486000
9.640000  -0.009000
9.660000  -0.656000
9.680000  -1.026000
9.700000  -1.041000
9.720000  -1.012000
9.740000  -0.865000
9.760000  -0.694000
9.780000  -0.453000
9.800000  -0.213000
9.820000  0.058000
9.840000  0.300000
9.860000  0.724000
9.880000  0.848000
9.900000  0.211000
9.920000  -0.634000
9.940000  -0.834000
9.960000  -0.454000
9.980000  -0.003000
10.000000  0.305000
10.020000  0.097000
10.040000  0.007000
10.060000  0.221000
10.080000  0.514000
10.100000  0.838000
10.120000  1.044000
10.140000  0.740000
10.160000  0.251000
10.180000  -0.111000
10.200000  -0.121000
10.220000  -0.111000
10.240000  0.000000
10.260000  0.176000
10.280000  0.363000
10.300000  0.542000
10.320000  0.453000
10.340000  0.197000
10.360000  -0.088000
10.380000  -0.358000
10.400000  -0.427000
10.420000  -0.381000
10.440000  -0.452000
10.460000  -0.633000
10.480000  -0.768000
10.500000  -0.560000
10.520000  -0.255000
10.540000  0.026000
10.560000  -0.099000
10.580000  -0.009000
10.600000  0.171000
10.620000  0.429000
10.640000  0.371000
10.660000  -0.017000
10.680000  -0.441000
10.700000  -0.502000
10.720000  -0.254000
10.740000  -0.003000
10.760000  0.318000
10.780000  0.377000
10.800000  -0.113000
10.820000  -0.750000
10.840000  -0.776000
10.860000  -0.349000
10.880000  0.155000
10.900000  0.575000
10.920000  0.817000
10.940000  1.003000
10.960000  1.196000
10.980000  0.716000
11.000000  -0.253000
11.020000  -1.041000
11.040000  -1.377000
11.060000  -1.276000
11.080000  -1.142000
11.100000  -0.969000
11.120000  -0.818000
11.140000  -0.605000
11.160000  -0.264000
11.180000  0.118000
11.200000  0.385000
11.220000  0.102000
11.240000  -0.283000
11.260000  -0.782000
11.280000  -0.894000
11.300000  -0.562000
11.320000  -0.164000
11.340000  0.171000
11.360000  0.435000
11.380000  0.686000
11.400000  0.934000
11.420000  0.912000
11.440000  0.650000
11.460000  0.364000
11.480000  0.020000
11.500000  -0.111000
11.520000  0.024000
11.540000  0.224000
11.560000  0.359000
11.580000  0.165000
11.600000  -0.229000
11.620000  -0.215000
11.640000  -0.022000
11.660000  -0.366000
11.680000  -0.726000
11.700000  -1.174000
11.720000  -1.175000
11.740000  -0.877000
11.760000  -0.518000
11.780000  -0.155000
11.800000  0.216000
11.820000  0.543000
11.840000  0.781000
11.860000  0.999000
11.880000  1.215000
11.900000  1.394000
11.920000  1.214000
11.940000  0.909000
11.960000  0.568000
11.980000  -0.003000
12.000000  -0.495000
12.020000  -0.399000
12.040000  -0.180000
12.060000  0.100000
12.080000  -0.100000
12.100000  -0.491000
12.120000  -0.282000
12.140000  0.136000
12.160000  0.606000
12.180000  0.994000
12.200000  0.847000
12.220000  0.521000
12.240000  0.191000
12.260000  0.238000
12.280000  0.325000
12.300000  0.252000
12.320000  0.195000
12.340000  -0.056000
12.360000  -0.211000
12.380000  -0.091000
12.400000  0.040000
12.420000  0.176000
12.440000  0.253000
12.460000  0.070000
12.480000  -0.242000
12.500000  -0.543000
12.520000  -0.463000
12.540000  -0.112000
12.560000  0.260000
12.580000  0.628000
12.600000  0.541000
12.620000  0.199000
12.640000  -0.133000
12.660000  -0.144000
12.680000  0.004000
12.700000  0.000000
12.720000  -0.197000
12.740000  -0.025000
12.760000  0.320000
12.780000  0.453000
12.800000  0.226000
12.820000  -0.041000
12.840000  -0.343000
12.860000  -0.609000
12.880000  -0.548000
12.900000  -0.288000
12.920000  -0.010000
12.940000  0.240000
12.960000  0.470000
12.980000  0.481000
13.000000  0.339000
13.020000  0.129000
13.040000  -0.269000
13.060000  -0.685000
13.080000  -0.979000
13.100000  -1.215000
13.120000  -1.199000
13.140000  -1.089000
13.160000  -0.939000
13.180000  -0.822000
13.200000  -0.551000
13.220000  -0.027000
13.240000  0.605000
13.260000  0.983000
13.280000  0.960000
13.300000  0.888000
13.320000  0.744000
13.340000  0.667000
13.360000  0.717000
13.380000  0.827000
13.400000  0.625000
13.420000  0.143000
13.440000  -0.185000
13.460000  -0.425000
13.480000  -0.449000
13.500000  -0.391000
13.520000  -0.332000
13.540000  -0.426000
13.560000  -0.666000
13.580000  -0.683000
13.600000  -0.455000
13.620000  -0.438000
13.640000  -0.459000
13.660000  -0.421000
13.680000  -0.286000
13.700000  -0.128000
13.720000  0.065000
13.740000  0.379000
13.760000  0.825000
13.780000  1.004000
13.800000  0.872000
13.820000  0.697000
13.840000  0.393000
13.860000  0.283000
13.880000  0.450000
13.900000  0.452000
13.920000  0.163000
13.940000  -0.226000
13.960000  -0.380000
13.980000  -0.225000
14.000000  -0.075000
14.020000  -0.137000
14.040000  -0.312000
14.060000  -0.432000
14.080000  -0.388000
14.100000  -0.293000
14.120000  -0.196000
14.140000  -0.130000
14.160000  -0.074000
14.180000  -0.018000
14.200000  0.033000
14.220000  0.096000
14.240000  0.106000
14.260000  -0.017000
14.280000  -0.186000
14.300000  -0.215000
14.320000  -0.110000
14.340000  0.099000
14.360000  0.397000
14.380000  0.671000
14.400000  0.533000
14.420000  0.147000
14.440000  -0.268000
14.460000  -0.666000
14.480000  -0.657000
14.500000  -0.442000
14.520000  -0.258000
14.540000  -0.418000
14.560000  -0.683000
14.580000  -0.615000
14.600000  -0.309000
14.620000  0.016000
14.640000  0.369000
14.660000  0.695000
14.680000  1.053000
14.700000  0.921000
14.720000  0.225000
14.740000  -0.111000
14.760000  -0.072000
14.780000  0.030000
14.800000  -0.005000
14.820000  -0.153000
14.840000  -0.215000
14.860000  -0.203000
14.880000  -0.190000
14.900000  -0.074000
14.920000  0.143000
14.940000  0.284000
14.960000  0.172000
14.980000  0.245000
15.000000  0.514000
15.020000  0.816000
15.040000  0.640000
15.060000  0.130000
15.080000  -0.457000
15.100000  -0.801000
15.120000  -0.557000
15.140000  -0.204000
15.160000  0.203000
15.180000  0.594000
15.200000  0.954000
15.220000  0.638000
15.240000  -0.076000
15.260000  -0.600000
15.280000  -0.831000
15.300000  -1.050000
15.320000  -1.158000
15.340000  -1.165000
15.360000  -1.091000
15.380000  -0.943000
15.400000  -0.776000
15.420000  -0.610000
15.440000  -0.414000
15.460000  -0.205000
15.480000  0.016000
15.500000  0.203000
15.520000  0.322000
15.540000  0.421000
15.560000  0.516000
15.580000  0.631000
15.600000  0.772000
15.620000  0.921000
15.640000  1.010000
15.660000  0.797000
15.680000  0.491000
15.700000  0.191000
15.720000  0.197000
15.740000  0.328000
15.760000  0.480000
15.780000  0.643000
15.800000  0.698000
15.820000  0.519000
15.840000  0.319000
15.860000  0.076000
15.880000  0.038000
15.900000  0.146000
15.920000  -0.055000
15.940000  -0.415000
15.960000  -0.516000
15.980000  -0.584000
16.000000  -0.488000
16.020000  -0.164000
16.040000  0.190000
16.060000  0.468000
16.080000  0.383000
16.100000  0.215000
16.120000  0.225000
16.140000  0.356000
16.160000  0.504000
16.180000  0.603000
16.200000  0.437000
16.220000  0.181000
16.240000  -0.019000
16.260000  0.011000
16.280000  0.077000
16.300000  -0.041000
16.320000  -0.250000
16.340000  -0.469000
16.360000  -0.694000
16.380000  -0.962000
16.400000  -1.131000
16.420000  -1.247000
16.440000  -1.252000
16.460000  -0.981000
16.480000  -0.620000
16.500000  -0.270000
16.520000  0.196000
16.540000  0.522000
16.560000  0.464000
16.580000  0.491000
16.600000  0.523000
16.620000  0.475000
16.640000  0.155000
16.660000  0.033000
16.680000  0.114000
16.700000  0.230000
16.720000  0.327000
16.740000  0.414000
16.760000  0.505000
16.780000  0.542000
16.800000  0.457000
16.820000  0.348000
16.840000  0.229000
16.860000  0.109000
16.880000  -0.013000
16.900000  -0.139000
16.920000  -0.296000
16.940000  -0.487000
16.960000  -0.631000
16.980000  -0.743000
17.000000  -0.675000
17.020000  -0.600000
17.040000  -0.358000
17.060000  0.025000
17.080000  0.491000
17.100000  0.449000
17.120000  -0.081000
17.140000  -0.722000
17.160000  -1.004000
17.180000  -0.670000
17.200000  -0.286000
17.220000  0.158000
17.240000  0.274000
17.260000  0.192000
17.280000  0.075000
17.300000  -0.060000
17.320000  -0.092000
17.340000  0.029000
17.360000  0.169000
17.380000  0.324000
17.400000  0.529000
17.420000  0.745000
17.440000  0.990000
17.460000  1.079000
17.480000  0.762000
17.500000  0.396000
17.520000  0.188000
17.540000  0.123000
17.560000  0.061000
17.580000  0.131000
17.600000  0.278000
17.620000  0.429000
17.640000  0.610000
17.660000  0.523000
17.680000  -0.017000
17.700000  -0.439000
17.720000  -0.666000
17.740000  -0.873000
17.760000  -1.173000
17.780000  -1.515000
17.800000  -1.792000
17.820000  -1.483000
17.840000  -0.938000
17.860000  -0.303000
17.880000  0.471000
17.900000  0.795000
17.920000  0.447000
17.940000  0.044000
17.960000  -0.366000
17.980000  -0.612000
18.000000  -0.516000
18.020000  -0.493000
18.040000  -0.461000
18.060000  -0.308000
18.080000  -0.157000
18.100000  0.014000
18.120000  0.112000
18.140000  0.157000
18.160000  0.181000
18.180000  0.120000
18.200000  0.055000
18.220000  0.095000
18.240000  0.181000
18.260000  0.253000
18.280000  0.351000
18.300000  0.246000
18.320000  -0.132000
18.340000  -0.541000
18.360000  -0.869000
18.380000  -0.634000
18.400000  -0.260000
18.420000  0.182000
18.440000  0.553000
18.460000  0.875000
18.480000  1.171000
18.500000  1.410000
18.520000  0.921000
18.540000  0.236000
18.560000  -0.353000
18.580000  -0.710000
18.600000  -0.872000
18.620000  -0.604000
18.640000  -0.141000
18.660000  0.339000
18.680000  0.791000
18.700000  1.123000
18.720000  1.406000
18.740000  1.581000
18.760000  1.206000
18.780000  0.702000
18.800000  0.147000
18.820000  -0.179000
18.840000  -0.141000
18.860000  -0.014000
18.880000  0.085000
18.900000  0.016000
18.920000  -0.122000
18.940000  -0.317000
18.960000  -0.507000
18.980000  -0.723000
19.000000  -0.787000
19.020000  -0.531000
19.040000  -0.208000
19.060000  0.139000
19.080000  0.487000
19.100000  0.766000
19.120000  0.555000
19.140000  0.198000
19.160000  -0.189000
19.180000  -0.430000
19.200000  -0.389000
19.220000  -0.299000
19.240000  -0.189000
19.260000  0.071000
19.280000  0.340000
19.300000  0.587000
19.320000  0.800000
19.340000  0.962000
19.360000  1.077000
19.380000  0.923000
19.400000  0.666000
19.420000  0.437000
19.440000  0.198000
19.460000  -0.108000
19.480000  -0.470000
19.500000  -0.701000
19.520000  -0.830000
19.540000  -0.994000
19.560000  -1.306000
19.580000  -1.627000
19.600000  -2.054000
19.620000  -2.495000
19.640000  -2.746000
19.660000  -2.025000
19.680000  -1.131000
19.700000  0.366000
19.720000  1.172000
19.740000  1.457000
19.760000  1.719000
19.780000  1.733000
19.800000  1.452000
19.820000  1.150000
19.840000  0.813000
19.860000  0.414000
19.880000  -0.087000
19.900000  -0.330000
19.920000  -0.483000
19.940000  -0.710000
19.960000  -0.843000
19.980000  -0.570000
20.000000  -0.235000
20.020000  0.161000
20.040000  0.387000
20.060000  0.490000
20.080000  0.510000
20.100000  0.428000
20.120000  0.344000
20.140000  0.263000
20.160000  0.073000
20.180000  -0.154000
20.200000  -0.382000
20.220000  -0.521000
20.240000  -0.609000
20.260000  -0.577000
20.280000  -0.422000
20.300000  -0.212000
20.320000  -0.004000
20.340000  0.122000
20.360000  0.227000
20.380000  0.233000
20.400000  0.094000
20.420000  -0.043000
20.440000  -0.250000
20.460000  -0.535000
20.480000  -0.813000
20.500000  -0.758000
20.520000  -0.533000
20.540000  -0.293000
20.560000  -0.027000
20.580000  0.117000
20.600000  0.073000
20.620000  -0.004000
20.640000  -0.025000
20.660000  0.040000
20.680000  0.110000
20.700000  0.153000
20.720000  0.084000
20.740000  0.000000
20.760000  -0.093000
20.780000  -0.072000
20.800000  0.002000
20.820000  0.092000
20.840000  0.193000
20.860000  0.303000
20.880000  0.409000
20.900000  0.510000
20.920000  0.475000
20.940000  0.386000
20.960000  0.300000
20.980000  0.250000
21.000000  0.274000
21.020000  0.316000
21.040000  0.316000
21.060000  0.282000
21.080000  0.245000
21.100000  0.206000
21.120000  0.171000
21.140000  0.144000
21.160000  0.115000
21.180000  0.090000
21.200000  0.060000
21.220000  0.036000
21.240000  0.028000
21.260000  0.162000
21.280000  0.153000
21.300000  -0.091000
21.320000  -0.377000
21.340000  -0.640000
21.360000  -0.666000
21.380000  -0.610000
21.400000  -0.586000
21.420000  -0.634000
21.440000  -0.671000
21.460000  -0.570000
21.480000  -0.401000
21.500000  -0.227000
21.520000  -0.054000
21.540000  0.104000
21.560000  0.268000
21.580000  0.411000
21.600000  0.536000
21.620000  0.627000
21.640000  0.612000
21.660000  0.572000
21.680000  0.576000
21.700000  0.624000
21.720000  0.582000
21.740000  0.329000
21.760000  0.059000
21.780000  -0.179000
21.800000  -0.394000
21.820000  -0.583000
21.840000  -0.529000
21.860000  -0.375000
21.880000  -0.242000
21.900000  -0.114000
21.920000  0.008000
21.940000  0.129000
21.960000  0.184000
21.980000  0.224000
22.000000  0.288000
22.020000  0.364000
22.040000  0.437000
22.060000  0.518000
22.080000  0.490000
22.100000  0.345000
22.120000  0.211000
22.140000  0.205000
22.160000  0.244000
22.180000  0.199000
22.200000  0.077000
22.220000  -0.025000
22.240000  -0.103000
22.260000  -0.176000
22.280000  -0.294000
22.300000  -0.335000
22.320000  -0.272000
22.340000  -0.198000
22.360000  -0.115000
22.380000  -0.040000
22.400000  -0.106000
22.420000  -0.323000
22.440000  -0.416000
22.460000  -0.324000
22.480000  -0.201000
22.500000  -0.072000
22.520000  0.004000
22.540000  0.068000
22.560000  0.119000
22.580000  0.090000
22.600000  0.025000
22.620000  -0.046000
22.640000  -0.116000
22.660000  -0.189000
22.680000  -0.258000
22.700000  -0.332000
22.720000  -0.335000
22.740000  -0.264000
22.760000  -0.183000
22.780000  -0.113000
22.800000  -0.070000
22.820000  -0.027000
22.840000  0.001000
22.860000  0.019000
22.880000  0.035000
22.900000  0.045000
22.920000  0.040000
22.940000  0.028000
22.960000  0.029000
22.980000  0.060000
23.000000  0.097000
23.020000  0.113000
23.040000  0.043000
23.060000  -0.039000
23.080000  -0.140000
23.100000  -0.177000
23.120000  -0.141000
23.140000  -0.088000
23.160000  -0.015000
23.180000  0.064000
23.200000  0.113000
23.220000  0.096000
23.240000  0.076000
23.260000  0.081000
23.280000  0.101000
23.300000  0.119000
23.320000  0.143000
23.340000  0.142000
23.360000  0.111000
23.380000  0.076000
23.400000  0.037000
23.420000  0.014000
23.440000  0.056000
23.460000  0.111000
23.480000  0.180000
23.500000  0.194000
23.520000  0.117000
23.540000  0.033000
23.560000  -0.037000
23.580000  -0.094000
23.600000  -0.162000
23.620000  -0.197000
23.640000  -0.174000
23.660000  -0.137000
23.680000  -0.121000
23.700000  -0.149000
23.720000  -0.179000
23.740000  -0.214000
23.760000  -0.190000
23.780000  -0.122000
23.800000  -0.040000
23.820000  0.063000
23.840000  0.145000
23.860000  0.206000
23.880000  0.230000
23.900000  0.200000
23.920000  0.164000
23.940000  0.094000
23.960000  -0.019000
23.980000  -0.097000
24.000000  -0.082000
24.020000  -0.044000
24.040000  0.003000
24.060000  0.040000
24.080000  0.001000
24.100000  -0.069000
24.120000  -0.125000
24.140000  -0.095000
24.160000  -0.046000
24.180000  -0.013000
24.200000  0.011000
24.220000  0.063000
24.240000  0.120000
24.260000  0.171000
24.280000  0.177000
24.300000  0.118000
24.320000  0.050000
24.340000  -0.026000
24.360000  -0.069000
24.380000  -0.055000
24.400000  -0.042000
24.420000  -0.045000
24.440000  -0.062000
24.460000  -0.076000
24.480000  -0.112000
24.500000  -0.077000
24.520000  0.031000
24.540000  0.150000
24.560000  0.193000
24.580000  0.165000
24.600000  0.137000
24.620000  0.110000
24.640000  0.100000
24.660000  0.135000
24.680000  0.169000
24.700000  0.181000
24.720000  0.191000
24.740000  0.217000
24.760000  0.272000
24.780000  0.265000
24.800000  0.191000
24.820000  0.121000
24.840000  0.111000
24.860000  0.125000
24.880000  0.143000
24.900000  0.159000
24.920000  0.179000
24.940000  0.179000
24.960000  0.143000
24.980000  0.101000
25.000000  0.055000
25.020000  0.018000
25.040000  -0.003000
25.060000  -0.022000
25.080000  -0.082000
25.100000  -0.158000
25.120000  -0.191000
25.140000  -0.206000
25.160000  -0.224000
25.180000  -0.271000
25.200000  -0.336000
25.220000  -0.308000
25.240000  -0.191000
25.260000  -0.067000
25.280000  0.066000
25.300000  0.185000
25.320000  0.272000
25.340000  0.337000
25.360000  0.409000
25.380000  0.339000
25.400000  0.146000
25.420000  -0.078000
25.440000  -0.310000
25.460000  -0.385000
25.480000  -0.366000
25.500000  -0.353000
25.520000  -0.310000
25.540000  -0.312000
25.560000  -0.083000
25.580000  0.138000
25.600000  0.200000
25.620000  0.250000
25.640000  0.288000
25.660000  0.284000
25.680000  0.178000
25.700000  0.060000
25.720000  -0.049000
25.740000  -0.138000
25.760000  -0.209000
25.780000  -0.262000
25.800000  -0.319000
25.820000  -0.339000
25.840000  -0.281000
25.860000  -0.209000
25.880000  -0.139000
25.900000  -0.102000
25.920000  -0.074000
25.940000  -0.064000
25.960000  -0.083000
25.980000  -0.109000
26.000000  -0.114000
26.020000  -0.095000
26.040000  -0.098000
26.060000  -0.129000
26.080000  -0.171000
26.100000  -0.183000
26.120000  -0.131000
26.140000  -0.064000
26.160000  0.010000
26.180000  0.099000
26.200000  0.181000
26.220000  0.210000
26.240000  0.224000
26.260000  0.229000
26.280000  0.173000
26.300000  0.089000
26.320000  0.016000
26.340000  0.032000
26.360000  0.075000
26.380000  0.104000
26.400000  0.124000
26.420000  0.147000
26.440000  0.155000
26.460000  0.135000
26.480000  0.106000
26.500000  0.078000
26.520000  0.058000
26.540000  0.041000
26.560000  0.034000
26.580000  0.062000
26.600000  0.101000
26.620000  0.143000
26.640000  0.187000
26.660000  0.211000
26.680000  0.170000
26.700000  0.113000
26.720000  0.051000
26.740000  -0.007000
26.760000  -0.063000
26.780000  -0.103000
26.800000  -0.140000
26.820000  -0.155000
26.840000  -0.151000
26.860000  -0.145000
26.880000  -0.137000
26.900000  -0.129000
26.920000  -0.087000
26.940000  -0.008000
26.960000  0.062000
26.980000  0.131000
27.000000  0.161000
27.020000  0.149000
27.040000  0.129000
27.060000  0.061000
27.080000  -0.023000
27.100000  -0.041000
27.120000  -0.016000
27.140000  0.011000
27.160000  0.045000
27.180000  0.050000
27.200000  0.016000
27.220000  -0.024000
27.240000  -0.066000
27.260000  -0.107000
27.280000  -0.151000
27.300000  -0.182000
27.320000  -0.145000
27.340000  -0.088000
27.360000  -0.079000
27.380000  -0.112000
27.400000  -0.098000
27.420000  -0.046000
27.440000  0.004000
27.460000  0.006000
27.480000  -0.003000
27.500000  -0.019000
27.520000  -0.033000
27.540000  -0.078000
27.560000  -0.123000
27.580000  -0.181000
27.600000  -0.166000
27.620000  -0.075000
27.640000  0.028000
27.660000  0.136000
27.680000  0.233000
27.700000  0.231000
27.720000  0.187000
27.740000  0.135000
27.760000  0.102000
27.780000  0.081000
27.800000  0.059000
27.820000  0.019000
27.840000  -0.020000
27.860000  -0.045000
27.880000  -0.065000
27.900000  -0.070000
27.920000  -0.036000
27.940000  0.011000
27.960000  0.111000
27.980000  0.208000
28.000000  0.279000
28.020000  0.331000
28.040000  0.336000
28.060000  0.302000
28.080000  0.247000
28.100000  0.153000
28.120000  0.053000
28.140000  -0.030000
28.160000  -0.042000
28.180000  -0.039000
28.200000  -0.030000
28.220000  -0.025000
28.240000  -0.058000
28.260000  -0.115000
28.280000  -0.173000
28.300000  -0.224000
28.320000  -0.273000
28.340000  -0.317000
28.360000  -0.370000
28.380000  -0.357000
28.400000  -0.246000
28.420000  -0.120000
28.440000  0.035000
28.460000  0.108000
28.480000  0.162000
28.500000  0.175000
28.520000  0.096000
28.540000  -0.009000
28.560000  -0.123000
28.580000  -0.209000
28.600000  -0.212000
28.620000  -0.196000
28.640000  -0.155000
28.660000  -0.072000
28.680000  -0.008000
28.700000  0.017000
28.720000  0.016000
28.740000  -0.019000
28.760000  -0.057000
28.780000  -0.094000
28.800000  -0.072000
28.820000  -0.027000
28.840000  0.023000
28.860000  0.066000
28.880000  0.099000
28.900000  0.131000
28.920000  0.127000
28.940000  0.093000
28.960000  0.056000
28.980000  0.017000
29.000000  -0.026000
29.020000  -0.081000
29.040000  -0.128000
29.060000  -0.153000
29.080000  -0.165000
29.100000  -0.155000
29.120000  -0.138000
29.140000  -0.120000
29.160000  -0.077000
29.180000  -0.017000
29.200000  0.045000
29.220000  0.097000
29.240000  0.119000
29.260000  0.137000
29.280000  0.131000
29.300000  0.112000
29.320000  0.073000
29.340000  0.011000
29.360000  -0.026000
29.380000  0.001000
29.400000  0.046000
29.420000  0.094000
29.440000  0.141000
29.460000  0.149000
29.480000  0.128000
29.500000  0.103000
29.520000  0.076000
29.540000  0.041000
29.560000  0.003000
29.580000  -0.040000
29.600000  -0.055000
29.620000  0.001000
29.640000  0.064000
29.660000  0.109000
29.680000  0.137000
29.700000  0.156000
29.720000  0.162000
29.740000  0.147000
29.760000  0.123000
29.780000  0.082000
29.800000  0.027000
29.820000  -0.031000
29.840000  -0.103000
29.860000  -0.124000
29.880000  -0.073000
29.900000  -0.011000
29.920000  0.056000
29.940000  0.120000
29.960000  0.128000
29.980000  0.094000
30.000000  0.056000
30.020000  0.016000
30.040000  -0.024000
30.060000  -0.035000
30.080000  -0.026000
30.100000  -0.014000
30.120000  -0.008000
30.140000  -0.022000
30.160000  -0.043000
30.180000  -0.062000
30.200000  -0.092000
30.220000  -0.133000
30.240000  -0.178000
30.260000  -0.183000
30.280000  -0.163000
30.300000  -0.116000
30.320000  -0.028000
30.340000  0.007000
30.360000  0.030000
30.380000  0.047000
30.400000  0.049000
30.420000  0.001000
30.440000  -0.024000
30.460000  -0.003000
30.480000  0.029000
30.500000  0.023000
30.520000  -0.023000
30.540000  -0.030000
30.560000  -0.011000
30.580000  0.015000
30.600000  0.032000
30.620000  0.037000
30.640000  0.040000
30.660000  0.039000
30.680000  0.004000
30.700000  -0.055000
30.720000  -0.110000
30.740000  -0.148000
30.760000  -0.173000
30.780000  -0.207000
30.800000  -0.195000
30.820000  -0.125000
30.840000  -0.041000
30.860000  0.051000
30.880000  0.154000
30.900000  0.149000
30.920000  0.025000
30.940000  -0.092000
30.960000  -0.109000
30.980000  -0.085000
31.000000  -0.064000
31.020000  -0.055000
31.040000  -0.047000
31.060000  -0.043000
31.080000  -0.020000
31.100000  0.027000
31.120000  0.078000
31.140000  0.109000
31.160000  0.130000
31.180000  0.148000
31.200000  0.168000
31.220000  0.166000
31.240000  0.142000
31.260000  0.116000
31.280000  0.086000
31.300000  0.060000
31.320000  0.022000
31.340000  -0.031000
31.360000  -0.091000
31.380000  -0.118000
31.400000  -0.098000
31.420000  -0.075000
31.440000  -0.047000
31.460000  -0.057000
31.480000  -0.088000
31.500000  -0.127000
31.520000  -0.144000
31.540000  -0.117000
31.560000  -0.079000
31.580000  -0.030000
31.600000  0.036000
31.620000  0.103000
31.640000  0.176000
31.660000  0.218000
31.680000  0.207000
31.700000  0.186000
31.720000  0.159000
31.740000  0.103000
31.760000  0.033000
31.780000  -0.037000
31.800000  -0.068000
31.820000  -0.072000
31.840000  -0.073000
31.860000  -0.073000
31.880000  -0.073000
31.900000  -0.088000
31.920000  -0.110000
31.940000  -0.135000
31.960000  -0.156000
31.980000  -0.143000
32.000000  -0.107000
32.020000  -0.076000
32.040000  -0.014000
32.060000  0.071000
32.080000  0.169000
32.100000  0.206000
32.120000  0.151000
32.140000  0.083000
32.160000  0.020000
32.180000  -0.020000
32.200000  -0.060000
32.220000  -0.097000
32.240000  -0.135000
32.260000  -0.169000
32.280000  -0.158000
32.300000  -0.120000
32.320000  -0.079000
32.340000  -0.036000
32.360000  0.015000
32.380000  0.094000
32.400000  0.129000
32.420000  0.123000
32.440000  0.111000
32.460000  0.098000
32.480000  0.068000
32.500000  0.008000
32.520000  -0.048000
32.540000  -0.086000
32.560000  -0.116000
32.580000  -0.143000
32.600000  -0.118000
32.620000  -0.057000
32.640000  0.007000
32.660000  0.069000
32.680000  0.055000
32.700000  0.005000
32.720000  -0.049000
32.740000  -0.084000
32.760000  -0.104000
32.780000  -0.125000
32.800000  -0.131000
32.820000  -0.115000
32.840000  -0.097000
32.860000  -0.063000
32.880000  -0.027000
32.900000  0.015000
32.920000  0.035000
32.940000  0.018000
32.960000  -0.007000
32.980000  -0.034000
33.000000  -0.063000
33.020000  -0.064000
33.040000  -0.005000
33.060000  0.032000
33.080000  0.025000
33.100000  0.007000
33.120000  0.017000
33.140000  0.067000
33.160000  0.115000
33.180000  0.174000
33.200000  0.185000
33.220000  0.130000
33.240000  0.071000
33.260000  0.068000
33.280000  0.091000
33.300000  0.117000
33.320000  0.128000
33.340000  0.131000
33.360000  0.132000
33.380000  0.133000
33.400000  0.134000
33.420000  0.135000
33.440000  0.118000
33.460000  0.088000
33.480000  0.055000
33.500000  0.023000
33.520000  -0.012000
33.540000  -0.028000
33.560000  -0.012000
33.580000  0.010000
33.600000  0.033000
33.620000  0.061000
33.640000  0.100000
33.660000  0.119000
33.680000  0.087000
33.700000  0.051000
33.720000  0.032000
33.740000  0.019000
33.760000  0.007000
33.780000  -0.025000
33.800000  -0.059000
33.820000  -0.070000
33.840000  -0.074000
33.860000  -0.076000
33.880000  -0.078000
33.900000  -0.080000
33.920000  -0.088000
33.940000  -0.106000
33.960000  -0.126000
33.980000  -0.149000
34.000000  -0.176000
34.020000  -0.194000
34.040000  -0.179000
34.060000  -0.156000
34.080000  -0.124000
34.100000  -0.076000
34.120000  -0.026000
34.140000  0.029000
34.160000  0.063000
34.180000  0.035000
34.200000  -0.009000
34.220000  -0.057000
34.240000  -0.107000
34.260000  -0.134000
34.280000  -0.108000
34.300000  -0.072000
34.320000  -0.032000
34.340000  0.008000
34.360000  0.055000
34.380000  0.113000
34.400000  0.168000
34.420000  0.232000
34.440000  0.230000
34.460000  0.136000
34.480000  0.037000
34.500000  -0.077000
34.520000  -0.140000
34.540000  -0.128000
34.560000  -0.105000
34.580000  -0.073000
34.600000  -0.046000
34.620000  0.028000
34.640000  0.125000
34.660000  0.237000
34.680000  0.255000
34.700000  0.159000
34.720000  0.053000
34.740000  -0.061000
34.760000  -0.120000
34.780000  -0.127000
34.800000  -0.109000
34.820000  -0.088000
34.840000  -0.066000
34.860000  -0.043000
34.880000  -0.027000
34.900000  -0.024000
34.920000  -0.025000
34.940000  -0.025000
34.960000  -0.026000
34.980000  -0.011000
35.000000  0.016000
35.020000  0.043000
35.040000  0.073000
35.060000  0.093000
35.080000  0.068000
35.100000  0.027000
35.120000  -0.008000
35.140000  -0.031000
35.160000  -0.051000
35.180000  -0.039000
35.200000  -0.012000
35.220000  0.017000
35.240000  0.047000
35.260000  0.076000
35.280000  0.105000
35.300000  0.100000
35.320000  0.073000
35.340000  0.044000
35.360000  0.011000
35.380000  -0.025000
35.400000  -0.060000
35.420000  -0.099000
35.440000  -0.115000
35.460000  -0.088000
35.480000  -0.053000
35.500000  -0.015000
35.520000  0.021000
35.540000  0.023000
35.560000  0.000000
35.580000  -0.024000
35.600000  -0.051000
35.620000  -0.079000
35.640000  -0.097000
35.660000  -0.054000
35.680000  0.012000
35.700000  0.064000
35.720000  0.056000
35.740000  0.034000
35.760000  0.005000
35.780000  -0.039000
35.800000  -0.101000
35.820000  -0.146000
35.840000  -0.167000
35.860000  -0.183000
35.880000  -0.188000
35.900000  -0.179000
35.920000  -0.168000
35.940000  -0.157000
35.960000  -0.126000
35.980000  -0.015000
36.000000  0.076000
36.020000  0.118000
36.040000  0.108000
36.060000  0.084000
36.080000  0.060000
36.100000  0.021000
36.120000  -0.021000
36.140000  -0.034000
36.160000  -0.044000
36.180000  -0.050000
36.200000  -0.056000
36.220000  -0.038000
36.240000  -0.013000
36.260000  0.016000
36.280000  0.046000
36.300000  0.077000
36.320000  0.109000
36.340000  0.120000
36.360000  0.111000
36.380000  0.100000
36.400000  0.095000
36.420000  0.115000
36.440000  0.141000
36.460000  0.170000
36.480000  0.197000
36.500000  0.223000
36.520000  0.202000
36.540000  0.147000
36.560000  0.103000
36.580000  0.095000
36.600000  0.103000
36.620000  0.092000
36.640000  0.040000
36.660000  -0.018000
36.680000  -0.047000
36.700000  -0.053000
36.720000  -0.060000
36.740000  -0.070000
36.760000  -0.084000
36.780000  -0.089000
36.800000  -0.080000
36.820000  -0.069000
36.840000  -0.055000
36.860000  -0.042000
36.880000  -0.011000
36.900000  0.025000
36.920000  0.065000
36.940000  0.071000
36.960000  0.044000
36.980000  0.025000
37.000000  0.013000
37.020000  0.003000
37.040000  -0.002000
37.060000  0.002000
37.080000  0.009000
37.100000  0.015000
37.120000  0.022000
37.140000  0.021000
37.160000  0.012000
37.180000  0.002000
37.200000  -0.008000
37.220000  -0.018000
37.240000  -0.024000
37.260000  -0.020000
37.280000  -0.015000
37.300000  -0.008000
37.320000  -0.002000
37.340000  0.004000
37.360000  0.011000
37.380000  0.015000
37.400000  0.006000
37.420000  -0.011000
37.440000  -0.027000
37.460000  -0.052000
37.480000  -0.087000
37.500000  -0.121000
37.520000  -0.115000
37.540000  -0.094000
37.560000  -0.068000
37.580000  -0.045000
37.600000  -0.017000
37.620000  -0.009000
37.640000  -0.020000
37.660000  -0.035000
37.680000  -0.051000
37.700000  -0.064000
37.720000  -0.045000
37.740000  -0.014000
37.760000  0.020000
37.780000  0.054000
37.800000  0.083000
37.820000  0.054000
37.840000  0.007000
37.860000  -0.044000
37.880000  -0.050000
37.900000  -0.031000
37.920000  -0.015000
37.940000  -0.005000
37.960000  0.005000
37.980000  0.013000
38.000000  0.023000
38.020000  0.032000
38.040000  0.041000
38.060000  0.029000
38.080000  0.001000
38.100000  -0.027000
38.120000  -0.059000
38.140000  -0.071000
38.160000  -0.051000
38.180000  -0.026000
38.200000  0.001000
38.220000  0.032000
38.240000  0.068000
38.260000  0.110000
38.280000  0.126000
38.300000  0.095000
38.320000  0.058000
38.340000  0.016000
38.360000  -0.016000
38.380000  -0.007000
38.400000  0.016000
38.420000  0.040000
38.440000  0.067000
38.460000  0.081000
38.480000  0.059000
38.500000  0.027000
38.520000  -0.007000
38.540000  -0.051000
38.560000  -0.099000
38.580000  -0.152000
38.600000  -0.156000
38.620000  -0.109000
38.640000  -0.060000
38.660000  -0.019000
38.680000  0.014000
38.700000  0.050000
38.720000  0.070000
38.740000  0.055000
38.760000  0.032000
38.780000  0.015000
38.800000  0.001000
38.820000  -0.013000
38.840000  -0.025000
38.860000  -0.020000
38.880000  -0.007000
38.900000  0.008000
38.920000  0.023000
38.940000  0.040000
38.960000  0.034000
38.980000  -0.007000
39.000000  -0.052000
39.020000  -0.096000
39.040000  -0.083000
39.060000  -0.048000
39.080000  -0.008000
39.100000  0.032000
39.120000  0.074000
39.140000  0.115000
39.160000  0.153000
39.180000  0.141000
39.200000  0.114000
39.220000  0.083000
39.240000  0.052000
39.260000  0.011000
39.280000  -0.038000
39.300000  -0.076000
39.320000  -0.055000
39.340000  -0.017000
39.360000  0.027000
39.380000  0.066000
39.400000  0.104000
39.420000  0.142000
39.440000  0.169000
39.460000  0.158000
39.480000  0.136000
39.500000  0.110000
39.520000  0.086000
39.540000  0.060000
39.560000  0.035000
39.580000  0.010000
39.600000  -0.015000
39.620000  -0.040000
39.640000  -0.054000
39.660000  -0.061000
39.680000  -0.070000
39.700000  -0.066000
39.720000  -0.046000
39.740000  -0.021000
39.760000  -0.012000
39.780000  -0.025000
39.800000  -0.039000
39.820000  -0.055000
39.840000  -0.065000
39.860000  -0.068000
39.880000  -0.070000
39.900000  -0.072000
39.920000  -0.074000
39.940000  -0.076000
39.960000  -0.081000
39.980000  -0.090000
40.000000  -0.092000
40.020000  -0.088000
40.040000  -0.087000
40.060000  -0.096000
40.080000  -0.108000
40.100000  -0.097000
40.120000  -0.073000
40.140000  -0.047000
40.160000  -0.021000
40.180000  0.004000
40.200000  0.029000
40.220000  0.053000
40.240000  0.078000
40.260000  0.101000
40.280000  0.120000
40.300000  0.140000
40.320000  0.146000
40.340000  0.116000
40.360000  0.077000
40.380000  0.036000
40.400000  -0.005000
40.420000  -0.040000
40.440000  -0.029000
40.460000  -0.003000
40.480000  0.026000
40.500000  0.055000
40.520000  0.085000
40.540000  0.102000
40.560000  0.078000
40.580000  0.047000
40.600000  0.016000
40.620000  -0.008000
40.640000  -0.055000
40.660000  -0.082000
40.680000  -0.079000
40.700000  -0.073000
40.720000  -0.064000
40.740000  -0.054000
40.760000  -0.036000
40.780000  -0.022000
40.800000  -0.031000
40.820000  -0.050000
40.840000  -0.068000
40.860000  -0.085000
40.880000  -0.094000
40.900000  -0.089000
40.920000  -0.083000
40.940000  -0.075000
40.960000  -0.067000
40.980000  -0.050000
41.000000  -0.025000
41.020000  0.000000
41.040000  0.026000
41.060000  0.051000
41.080000  0.075000
41.100000  0.074000
41.120000  0.063000
41.140000  0.056000
41.160000  0.060000
41.180000  0.067000
41.200000  0.070000
41.220000  0.052000
41.240000  0.030000
41.260000  0.006000
41.280000  -0.017000
41.300000  -0.037000
41.320000  -0.001000
41.340000  0.044000
41.360000  0.057000
41.380000  0.060000
41.400000  0.060000
41.420000  0.068000
41.440000  0.090000
41.460000  0.114000
41.480000  0.137000
41.500000  0.123000
41.520000  0.092000
41.540000  0.058000
41.560000  0.024000
41.580000  -0.012000
41.600000  -0.029000
41.620000  -0.008000
41.640000  0.020000
41.660000  0.050000
41.680000  0.057000
41.700000  0.052000
41.720000  0.045000
41.740000  0.038000
41.760000  0.030000
41.780000  0.022000
41.800000  0.008000
41.820000  -0.012000
41.840000  -0.033000
41.860000  -0.054000
41.880000  -0.076000
41.900000  -0.096000
41.920000  -0.119000
41.940000  -0.120000
41.960000  -0.095000
41.980000  -0.068000
42.000000  -0.038000
42.020000  -0.010000
42.040000  0.020000
42.060000  0.047000
42.080000  0.051000
42.100000  0.033000
42.120000  0.016000
42.140000  -0.005000
42.160000  0.003000
42.180000  0.006000
42.200000  0.001000
42.220000  -0.006000
42.240000  -0.013000
42.260000  -0.019000
42.280000  -0.026000
42.300000  -0.033000
42.320000  -0.039000
42.340000  -0.048000
42.360000  -0.072000
42.380000  -0.096000
42.400000  -0.088000
42.420000  -0.073000
42.440000  -0.054000
42.460000  -0.036000
42.480000  -0.019000
42.500000  -0.031000
42.520000  -0.054000
42.540000  -0.079000
42.560000  -0.085000
42.580000  -0.081000
42.600000  -0.075000
42.620000  -0.064000
42.640000  -0.027000
42.660000  0.019000
42.680000  0.055000
42.700000  0.084000
42.720000  0.097000
42.740000  0.093000
42.760000  0.088000
42.780000  0.083000
42.800000  0.083000
42.820000  0.085000
42.840000  0.055000
42.860000  -0.011000
42.880000  -0.063000
42.900000  -0.093000
42.920000  -0.096000
42.940000  -0.059000
42.960000  -0.017000
42.980000  0.035000
43.000000  0.056000
43.020000  0.027000
43.040000  -0.017000
43.060000  -0.044000
43.080000  -0.022000
43.100000  0.011000
43.120000  0.040000
43.140000  0.052000
43.160000  0.060000
43.180000  0.067000
43.200000  0.074000
43.220000  0.082000
43.240000  0.075000
43.260000  0.047000
43.280000  0.015000
43.300000  -0.021000
43.320000  -0.055000
43.340000  -0.062000
43.360000  -0.048000
43.380000  -0.037000
43.400000  -0.031000
43.420000  -0.025000
43.440000  -0.014000
43.460000  0.002000
43.480000  0.011000
43.500000  -0.003000
43.520000  -0.024000
43.540000  -0.047000
43.560000  -0.066000
43.580000  -0.064000
43.600000  -0.057000
43.620000  -0.037000
43.640000  0.001000
43.660000  0.036000
43.680000  0.070000
43.700000  0.068000
43.720000  0.045000
43.740000  0.023000
43.760000  0.015000
43.780000  0.021000
43.800000  0.037000
43.820000  0.051000
43.840000  0.069000
43.860000  0.075000
43.880000  0.065000
43.900000  0.050000
43.920000  0.043000
43.940000  0.050000
43.960000  0.056000
43.980000  0.065000
44.000000  0.056000
44.020000  0.032000
44.040000  -0.005000
44.060000  -0.030000
44.080000  -0.029000
44.100000  -0.025000
44.120000  -0.018000
44.140000  -0.012000
44.160000  -0.006000
44.180000  -0.001000
44.200000  0.003000
44.220000  0.007000
44.240000  0.011000
44.260000  0.015000
44.280000  0.017000
44.300000  0.004000
44.320000  -0.021000
44.340000  -0.058000
44.360000  -0.097000
44.380000  -0.105000
44.400000  -0.102000
44.420000  -0.097000
44.440000  -0.099000
44.460000  -0.110000
44.480000  -0.115000
44.500000  -0.106000
44.520000  -0.092000
44.540000  -0.078000
44.560000  -0.064000
44.580000  -0.055000
44.600000  -0.062000
44.620000  -0.074000
44.640000  -0.086000
44.660000  -0.100000
44.680000  -0.101000
44.700000  -0.077000
44.720000  -0.049000
44.740000  -0.008000
44.760000  0.038000
44.780000  0.042000
44.800000  0.028000
44.820000  0.011000
44.840000  -0.005000
44.860000  0.000000
44.880000  0.015000
44.900000  0.030000
44.920000  0.040000
44.940000  0.050000
44.960000  0.060000
44.980000  0.070000
45.000000  0.079000
45.020000  0.087000
45.040000  0.079000
45.060000  0.068000
45.080000  0.055000
45.100000  0.053000
45.120000  0.061000
45.140000  0.071000
45.160000  0.082000
45.180000  0.087000
45.200000  0.074000
45.220000  0.054000
45.240000  0.040000
45.260000  0.060000
45.280000  0.092000
45.300000  0.137000
45.320000  0.165000
45.340000  0.183000
45.360000  0.179000
45.380000  0.155000
45.400000  0.125000
45.420000  0.089000
45.440000  0.066000
45.460000  0.058000
45.480000  0.050000
45.500000  0.033000
45.520000  0.011000
45.540000  -0.005000
45.560000  -0.019000
45.580000  -0.031000
45.600000  -0.049000
45.620000  -0.081000
45.640000  -0.114000
45.660000  -0.157000
45.680000  -0.204000
45.700000  -0.227000
45.720000  -0.239000
45.740000  -0.224000
45.760000  -0.203000
45.780000  -0.164000
45.800000  -0.108000
45.820000  -0.076000
45.840000  -0.056000
45.860000  -0.065000
45.880000  -0.081000
45.900000  -0.100000
45.920000  -0.121000
45.940000  -0.141000
45.960000  -0.136000
45.980000  -0.124000
46.000000  -0.110000
46.020000  -0.094000
46.040000  -0.076000
46.060000  -0.058000
46.080000  -0.037000
46.100000  -0.012000
46.120000  0.014000
46.140000  0.041000
46.160000  0.054000
46.180000  0.039000
46.200000  0.020000
46.220000  -0.004000
46.240000  -0.008000
46.260000  0.006000
46.280000  0.022000
46.300000  0.038000
46.320000  0.062000
46.340000  0.103000
46.360000  0.145000
46.380000  0.165000
46.400000  0.176000
46.420000  0.187000
46.440000  0.179000
46.460000  0.148000
46.480000  0.106000
46.500000  0.041000
46.520000  -0.005000
46.540000  -0.026000
46.560000  -0.036000
46.580000  -0.020000
46.600000  0.002000
46.620000  0.025000
46.640000  0.022000
46.660000  0.004000
46.680000  -0.017000
46.700000  -0.040000
46.720000  -0.063000
46.740000  -0.088000
46.760000  -0.115000
46.780000  -0.142000
46.800000  -0.167000
46.820000  -0.181000
46.840000  -0.156000
46.860000  -0.122000
46.880000  -0.067000
46.900000  -0.020000
46.920000  0.004000
46.940000  0.007000
46.960000  -0.005000
46.980000  -0.017000
47.000000  -0.032000
47.020000  -0.031000
47.040000  0.001000
47.060000  0.035000
47.080000  0.069000
47.100000  0.093000
47.120000  0.105000
47.140000  0.116000
47.160000  0.124000
47.180000  0.130000
47.200000  0.136000
47.220000  0.145000
47.240000  0.157000
47.260000  0.163000
47.280000  0.148000
47.300000  0.127000
47.320000  0.110000
47.340000  0.097000
47.360000  0.094000
47.380000  0.098000
47.400000  0.103000
47.420000  0.103000
47.440000  0.094000
47.460000  0.089000
47.480000  0.065000
47.500000  0.018000
47.520000  -0.020000
47.540000  -0.045000
47.560000  -0.055000
47.580000  -0.046000
47.600000  -0.035000
47.620000  -0.019000
47.640000  -0.001000
47.660000  0.014000
47.680000  0.023000
47.700000  0.030000
47.720000  0.026000
47.740000  0.020000
47.760000  0.013000
47.780000  0.001000
47.800000  -0.037000
47.820000  -0.059000
47.840000  -0.074000
47.860000  -0.087000
47.880000  -0.098000
47.900000  -0.092000
47.920000  -0.084000
47.940000  -0.072000
47.960000  -0.070000
47.980000  -0.079000
48.000000  -0.090000
48.020000  -0.099000
48.040000  -0.102000
48.060000  -0.102000
48.080000  -0.110000
48.100000  -0.124000
48.120000  -0.136000
48.140000  -0.131000
48.160000  -0.121000
48.180000  -0.109000
48.200000  -0.099000
48.220000  -0.090000
48.240000  -0.082000
48.260000  -0.074000
48.280000  -0.077000
48.300000  -0.082000
48.320000  -0.091000
48.340000  -0.078000
48.360000  -0.046000
48.380000  -0.021000
48.400000  0.005000
48.420000  0.028000
48.440000  0.052000
48.460000  0.064000
48.480000  0.070000
48.500000  0.066000
48.520000  0.046000
48.540000  0.015000
48.560000  -0.024000
48.580000  -0.059000
48.600000  -0.073000
48.620000  -0.062000
48.640000  -0.050000
48.660000  -0.029000
48.680000  -0.002000
48.700000  0.026000
48.720000  0.044000
48.740000  0.058000
48.760000  0.069000
48.780000  0.068000
48.800000  0.064000
48.820000  0.058000
48.840000  0.053000
48.860000  0.044000
48.880000  0.032000
48.900000  0.019000
48.920000  0.007000
48.940000  0.005000
48.960000  0.004000
48.980000  0.004000
49.000000  -0.006000
49.020000  -0.022000
49.040000  -0.041000
49.060000  -0.058000
49.080000  -0.077000
49.100000  -0.077000
49.120000  -0.063000
49.140000  -0.048000
49.160000  -0.031000
49.180000  -0.009000
49.200000  0.015000
49.220000  0.040000
49.240000  0.063000
49.260000  0.082000
49.280000  0.101000
49.300000  0.116000
49.320000  0.117000
49.340000  0.114000
49.360000  0.109000
49.380000  0.106000
49.400000  0.112000
49.420000  0.124000
49.440000  0.135000
49.460000  0.154000
49.480000  0.185000
49.500000  0.206000
49.520000  0.213000
49.540000  0.221000
49.560000  0.217000
49.580000  0.196000
49.600000  0.129000
49.620000  0.067000
49.640000  0.032000
49.660000  0.032000
49.680000  0.046000
49.700000  0.064000
49.720000  0.069000
49.740000  0.033000
49.760000  -0.016000
49.780000  -0.065000
49.800000  -0.087000
49.820000  -0.102000
49.840000  -0.111000
49.860000  -0.110000
49.880000  -0.105000
49.900000  -0.100000
49.920000  -0.093000
49.940000  -0.086000
49.960000  -0.078000
49.980000  -0.076000
50.000000  -0.081000
50.020000  -0.087000
50.040000  -0.081000
50.060000  -0.059000
50.080000  -0.047000
50.100000  -0.054000
50.120000  -0.064000
50.140000  -0.076000
50.160000  -0.088000
50.180000  -0.104000
50.200000  -0.120000
50.220000  -0.134000
50.240000  -0.127000
50.260000  -0.110000
50.280000  -0.089000
50.300000  -0.063000
50.320000  -0.036000
50.340000  -0.025000
50.360000  -0.026000
50.380000  -0.028000
50.400000  -0.031000
50.420000  -0.028000
50.440000  -0.022000
50.460000  -0.015000
50.480000  -0.008000
50.500000  0.007000
50.520000  0.032000
50.540000  0.059000
50.560000  0.090000
50.580000  0.121000
50.600000  0.128000
50.620000  0.115000
50.640000  0.102000
50.660000  0.080000
50.680000  0.052000
50.700000  0.025000
50.720000  0.003000
50.740000  -0.019000
50.760000  -0.023000
50.780000  -0.007000
50.800000  0.011000
50.820000  0.017000
50.840000  0.010000
50.860000  0.002000
50.880000  -0.009000
50.900000  -0.022000
50.920000  -0.035000
50.940000  -0.047000
50.960000  -0.056000
50.980000  -0.047000
51.000000  -0.031000
51.020000  -0.014000
51.040000  0.002000
51.060000  0.018000
51.080000  0.020000
51.100000  0.014000
51.120000  0.006000
51.140000  -0.001000
51.160000  -0.009000
51.180000  -0.016000
51.200000  -0.025000
51.220000  -0.027000
51.240000  -0.020000
51.260000  -0.014000
51.280000  -0.006000
51.300000  0.001000
51.320000  0.010000
51.340000  0.008000
51.360000  -0.011000
51.380000  -0.031000
51.400000  -0.053000
51.420000  -0.061000
51.440000  -0.052000
51.460000  -0.042000
51.480000  -0.030000
51.500000  -0.027000
51.520000  -0.037000
51.540000  -0.052000
51.560000  -0.054000
51.580000  -0.038000
51.600000  -0.020000
51.620000  -0.002000
51.640000  0.017000
51.660000  0.022000
51.680000  0.006000
51.700000  0.006000
51.720000  0.016000
51.740000  0.029000
51.760000  0.042000
51.780000  0.057000
51.800000  0.057000
51.820000  0.038000
51.840000  0.013000
51.860000  0.000000
51.880000  0.008000
51.900000  0.017000
51.920000  0.029000
51.940000  0.029000
51.960000  0.018000
51.980000  0.005000
52.000000  0.011000
52.020000  0.029000
52.040000  0.047000
52.060000  0.068000
52.080000  0.087000
52.100000  0.107000
52.120000  0.112000
52.140000  0.105000
52.160000  0.096000
52.180000  0.090000
52.200000  0.091000
52.220000  0.093000
52.240000  0.096000
52.260000  0.090000
52.280000  0.070000
52.300000  0.048000
52.320000  0.024000
52.340000  0.008000
52.360000  -0.008000
52.380000  -0.013000
52.400000  -0.005000
52.420000  0.004000
52.440000  0.014000
52.460000  0.023000
52.480000  0.033000
52.500000  0.043000
52.520000  0.040000
52.540000  0.022000
52.560000  0.004000
52.580000  -0.015000
52.600000  -0.013000
52.620000  -0.005000
52.640000  0.006000
52.660000  0.007000
52.680000  -0.006000
52.700000  -0.021000
52.720000  -0.036000
52.740000  -0.052000
52.760000  -0.063000
52.780000  -0.065000
52.800000  -0.066000
52.820000  -0.066000
52.840000  -0.066000
52.860000  -0.065000
52.880000  -0.066000
52.900000  -0.063000
52.920000  -0.049000
52.940000  -0.031000
52.960000  -0.022000
52.980000  -0.023000
53.000000  -0.025000
53.020000  -0.029000
53.040000  -0.028000
53.060000  -0.021000
53.080000  -0.011000
53.100000  -0.010000
53.120000  -0.019000
53.140000  -0.030000
53.160000  -0.041000
53.180000  -0.042000
53.200000  -0.040000
53.220000  -0.038000
53.240000  -0.036000
53.260000  -0.032000
53.280000  -0.017000
53.300000  0.004000
53.320000  0.025000
53.340000  0.047000
53.360000  0.051000
53.380000  0.037000
53.400000  0.026000
53.420000  0.028000
53.440000  0.034000
53.460000  0.041000
53.480000  0.049000
53.500000  0.053000
53.520000  0.046000
53.540000  0.036000
53.560000  0.027000
53.580000  0.025000
53.600000  0.024000
53.620000  0.025000
53.640000  0.017000
53.660000  0.002000
53.680000  -0.014000
53.700000  -0.031000
53.720000  -0.047000
53.740000  -0.051000
53.760000  -0.044000
53.780000  -0.035000
53.800000  -0.026000
53.820000  -0.017000
53.840000  -0.008000
53.860000  0.001000
53.880000  0.010000
53.900000  0.017000
53.920000  0.005000
53.940000  -0.015000
53.960000  -0.035000
53.980000  -0.056000
54.000000  -0.050000
54.020000  -0.025000
54.040000  0.003000
54.060000  0.029000
54.080000  0.032000
54.100000  0.027000
54.120000  0.019000
54.140000  0.012000
54.160000  0.005000
54.180000  -0.002000
54.200000  -0.010000
54.220000  -0.015000
54.240000  -0.012000
54.260000  -0.009000
54.280000  -0.004000
54.300000  0.000000
54.320000  0.004000
54.340000  0.004000
54.360000  -0.003000
54.380000  -0.011000
54.400000  -0.020000
54.420000  -0.028000
54.440000  -0.026000
54.460000  -0.017000
54.480000  -0.007000
54.500000  0.004000
54.520000  0.008000
54.540000  0.002000
54.560000  -0.005000
54.580000  -0.013000
54.600000  -0.021000
54.620000  -0.030000
54.640000  -0.039000
54.660000  -0.048000
54.680000  -0.057000
54.700000  -0.065000
54.720000  -0.059000
54.740000  -0.049000
54.760000  -0.038000
54.780000  -0.028000
54.800000  -0.011000
54.820000  0.024000
54.840000  0.045000
54.860000  0.045000
54.880000  0.041000
54.900000  0.040000
54.920000  0.054000
54.940000  0.070000
54.960000  0.088000
54.980000  0.103000
55.000000  0.095000
55.020000  0.077000
55.040000  0.056000
55.060000  0.038000
55.080000  0.039000
55.100000  0.046000
55.120000  0.054000
55.140000  0.052000
55.160000  0.042000
55.180000  0.031000
55.200000  0.020000
55.220000  0.009000
55.240000  0.001000
55.260000  -0.006000
55.280000  -0.013000
55.300000  -0.026000
55.320000  -0.042000
55.340000  -0.060000
55.360000  -0.065000
55.380000  -0.059000
55.400000  -0.052000
55.420000  -0.045000
55.440000  -0.049000
55.460000  -0.057000
55.480000  -0.062000
55.500000  -0.049000
55.520000  -0.031000
55.540000  -0.010000
55.560000  0.005000
55.580000  0.001000
55.600000  -0.009000
55.620000  -0.021000
55.640000  -0.027000
55.660000  -0.018000
55.680000  -0.005000
55.700000  0.009000
55.720000  0.024000
55.740000  0.038000
55.760000  0.052000
55.780000  0.055000
55.800000  0.050000
55.820000  0.042000
55.840000  0.035000
55.860000  0.027000
55.880000  0.021000
55.900000  0.012000
55.920000  0.014000
55.940000  0.030000
55.960000  0.048000
55.980000  0.042000
56.000000  0.019000
56.020000  -0.006000
56.040000  -0.007000
56.060000  0.008000
56.080000  0.025000
56.100000  0.036000
56.120000  0.030000
56.140000  0.020000
56.160000  0.008000
56.180000  0.000000
56.200000  -0.004000
56.220000  -0.008000
56.240000  -0.011000
56.260000  -0.015000
56.280000  -0.017000
56.300000  -0.025000
56.320000  -0.041000
56.340000  -0.059000
56.360000  -0.077000
56.380000  -0.097000
56.400000  -0.101000
56.420000  -0.079000
56.440000  -0.051000
56.460000  -0.034000
56.480000  -0.027000
56.500000  -0.020000
56.520000  -0.018000
56.540000  -0.021000
56.560000  -0.026000
56.580000  -0.030000
56.600000  -0.037000
56.620000  -0.048000
56.640000  -0.057000
56.660000  -0.047000
56.680000  -0.031000
56.700000  -0.014000
56.720000  -0.006000
56.740000  -0.003000
56.760000  -0.002000
56.780000  0.004000
56.800000  0.016000
56.820000  0.030000
56.840000  0.044000
56.860000  0.057000
56.880000  0.053000
56.900000  0.041000
56.920000  0.031000
56.940000  0.033000
56.960000  0.038000
56.980000  0.043000
57.000000  0.034000
57.020000  0.016000
57.040000  0.004000
57.060000  0.008000
57.080000  0.014000
57.100000  0.023000
57.120000  0.025000
57.140000  0.014000
57.160000  -0.003000
57.180000  -0.010000
57.200000  0.001000
57.220000  0.014000
57.240000  0.028000
57.260000  0.043000
57.280000  0.055000
57.300000  0.048000
57.320000  0.035000
57.340000  0.021000
57.360000  0.008000
57.380000  -0.005000
57.400000  -0.005000
57.420000  -0.002000
57.440000  0.003000
57.460000  0.008000
57.480000  0.013000
57.500000  0.017000
57.520000  0.021000
57.540000  0.026000
57.560000  0.030000
57.580000  0.034000
57.600000  0.033000
57.620000  0.023000
57.640000  0.012000
57.660000  0.001000
57.680000  -0.004000
57.700000  -0.007000
57.720000  -0.009000
57.740000  -0.011000
57.760000  -0.013000
57.780000  -0.017000
57.800000  -0.021000
57.820000  -0.025000
57.840000  -0.029000
57.860000  -0.033000
57.880000  -0.034000
57.900000  -0.033000
57.920000  -0.031000
57.940000  -0.025000
57.960000  -0.015000
57.980000  -0.007000
58.000000  0.004000
58.020000  0.001000
58.040000  -0.021000
58.060000  -0.044000
58.080000  -0.058000
58.100000  -0.064000
58.120000  -0.070000
58.140000  -0.074000
58.160000  -0.080000
58.180000  -0.074000
58.200000  -0.063000
58.220000  -0.050000
58.240000  -0.037000
58.260000  -0.023000
58.280000  -0.007000
58.300000  0.007000
58.320000  0.008000
58.340000  0.002000
58.360000  0.003000
58.380000  0.016000
58.400000  0.030000
58.420000  0.047000
58.440000  0.051000
58.460000  0.043000
58.480000  0.033000
58.500000  0.030000
58.520000  0.033000
58.540000  0.036000
58.560000  0.040000
58.580000  0.043000
58.600000  0.047000
58.620000  0.051000
58.640000  0.053000
58.660000  0.053000
58.680000  0.052000
58.700000  0.051000
58.720000  0.049000
58.740000  0.048000
58.760000  0.046000
58.780000  0.046000
58.800000  0.034000
58.820000  0.008000
58.840000  -0.017000
58.860000  -0.040000
58.880000  -0.056000
58.900000  -0.057000
58.920000  -0.054000
58.940000  -0.049000
58.960000  -0.045000
58.980000  -0.041000
59.000000  -0.037000
59.020000  -0.026000
59.040000  -0.011000
59.060000  0.005000
59.080000  0.021000
59.100000  0.028000
59.120000  0.027000
59.140000  0.025000
59.160000  0.022000
59.180000  0.019000
59.200000  0.017000
59.220000  0.014000
59.240000  0.011000
59.260000  0.009000
59.280000  0.007000
59.300000  0.006000
59.320000  0.005000
59.340000  0.004000
59.360000  0.004000
59.380000  0.003000
59.400000  0.002000
59.420000  0.001000
59.440000  0.000000
59.460000  -0.001000
59.480000  -0.002000
59.500000  -0.002000
59.520000  -0.003000
59.540000  -0.005000
59.560000  -0.010000
59.580000  -0.015000
59.600000  -0.019000
59.620000  -0.018000
59.640000  -0.016000
59.660000  -0.013000
59.680000  -0.011000
59.700000  -0.008000
59.720000  -0.005000
59.740000  -0.006000
59.760000  -0.009000
59.780000  -0.012000
59.800000  -0.015000
59.820000  -0.018000
59.840000  -0.021000
59.860000  -0.023000
59.880000  -0.025000
59.900000  -0.027000
59.920000  -0.028000
59.940000  -0.030000
59.960000  -0.031000
59.980000  -0.021000
60.000000  -0.009000
60.020000  0.004000
60.040000  0.017000
60.060000  0.019000
60.080000  0.015000
60.100000  0.008000
60.120000  0.008000
60.140000  0.015000
60.160000  0.024000
60.180000  0.027000
60.200000  0.022000
60.220000  0.015000
60.240000  0.013000
60.260000  0.017000
60.280000  0.022000
60.300000  0.027000
60.320000  0.032000
60.340000  0.027000
60.360000  0.013000
60.380000  -0.001000
60.400000  -0.016000
60.420000  -0.029000
60.440000  -0.034000
60.460000  -0.035000
60.480000  -0.036000
60.500000  -0.037000
60.520000  -0.038000
60.540000  -0.046000
60.560000  -0.056000
60.580000  -0.061000
60.600000  -0.055000
60.620000  -0.050000
60.640000  -0.043000
60.660000  -0.048000
60.680000  -0.062000
60.700000  -0.076000
60.720000  -0.077000
60.740000  -0.070000
60.760000  -0.061000
60.780000  -0.053000
60.800000  -0.043000
60.820000  -0.031000
60.840000  -0.020000
60.860000  -0.009000
60.880000  -0.001000
60.900000  0.007000
60.920000  0.014000
60.940000  0.021000
60.960000  0.023000
60.980000  0.021000
61.000000  0.019000
61.020000  0.024000
61.040000  0.032000
61.060000  0.040000
61.080000  0.048000
61.100000  0.056000
61.120000  0.065000
61.140000  0.073000
61.160000  0.081000
61.180000  0.083000
61.200000  0.079000
61.220000  0.073000
61.240000  0.068000
61.260000  0.064000
61.280000  0.067000
61.300000  0.072000
61.320000  0.077000
61.340000  0.082000
61.360000  0.085000
61.380000  0.077000
61.400000  0.068000
61.420000  0.055000
61.440000  0.035000
61.460000  0.012000
61.480000  -0.010000
61.500000  -0.035000
61.520000  -0.049000
61.540000  -0.048000
61.560000  -0.045000
61.580000  -0.041000
61.600000  -0.039000
61.620000  -0.043000
61.640000  -0.050000
61.660000  -0.058000
61.680000  -0.066000
61.700000  -0.073000
61.720000  -0.081000
61.740000  -0.089000
61.760000  -0.093000
61.780000  -0.085000
61.800000  -0.073000
61.820000  -0.061000
61.840000  -0.048000
61.860000  -0.041000
61.880000  -0.047000
61.900000  -0.057000
61.920000  -0.063000
61.940000  -0.056000
61.960000  -0.047000
61.980000  -0.036000
62.000000  -0.026000
62.020000  -0.015000
62.040000  -0.004000
62.060000  0.007000
62.080000  0.017000
62.100000  0.028000
62.120000  0.039000
62.140000  0.044000
62.160000  0.042000
62.180000  0.041000
62.200000  0.039000
62.220000  0.037000
62.240000  0.035000
62.260000  0.037000
62.280000  0.042000
62.300000  0.047000
62.320000  0.052000
62.340000  0.056000
62.360000  0.062000
62.380000  0.058000
62.400000  0.041000
62.420000  0.021000
62.440000  0.008000
62.460000  0.007000
62.480000  0.007000
62.500000  0.008000
62.520000  0.007000
62.540000  0.004000
62.560000  0.001000
62.580000  -0.002000
62.600000  -0.005000
62.620000  -0.007000
62.640000  -0.009000
62.660000  -0.010000
62.680000  -0.001000
62.700000  0.013000
62.720000  0.027000
62.740000  0.040000
62.760000  0.035000
62.780000  0.016000
62.800000  0.006000
62.820000  0.012000
62.840000  0.020000
62.860000  0.030000
62.880000  0.038000
62.900000  0.048000
62.920000  0.047000
62.940000  0.041000
62.960000  0.033000
62.980000  0.025000
63.000000  0.017000
63.020000  0.009000
63.040000  0.001000
63.060000  -0.008000
63.080000  -0.017000
63.100000  -0.027000
63.120000  -0.035000
63.140000  -0.033000
63.160000  -0.027000
63.180000  -0.020000
63.200000  -0.013000
63.220000  -0.010000
63.240000  -0.016000
63.260000  -0.023000
63.280000  -0.031000
63.300000  -0.036000
63.320000  -0.038000
63.340000  -0.041000
63.360000  -0.036000
63.380000  -0.020000
63.400000  -0.002000
63.420000  0.011000
63.440000  0.005000
63.460000  -0.006000
63.480000  -0.017000
63.500000  -0.022000
63.520000  -0.025000
63.540000  -0.027000
63.560000  -0.029000
63.580000  -0.022000
63.600000  -0.013000
63.620000  -0.003000
63.640000  0.001000
63.660000  -0.013000
63.680000  -0.030000
63.700000  -0.049000
63.720000  -0.051000
63.740000  -0.038000
63.760000  -0.022000
63.780000  -0.009000
63.800000  -0.003000
63.820000  0.002000
63.840000  0.006000
63.860000  0.008000
63.880000  0.009000
63.900000  0.009000
63.920000  0.010000
63.940000  0.011000
63.960000  0.009000
63.980000  0.005000
64.000000  0.002000
64.020000  -0.002000
64.040000  -0.007000
64.060000  -0.014000
64.080000  -0.021000
64.100000  -0.027000
64.120000  -0.023000
64.140000  -0.016000
64.160000  -0.008000
64.180000  0.000000
64.200000  0.005000
64.220000  0.003000
64.240000  0.001000
64.260000  -0.003000
64.280000  -0.006000
64.300000  -0.005000
64.320000  0.000000
64.340000  0.005000
64.360000  0.010000
64.380000  0.021000
64.400000  0.045000
64.420000  0.057000
64.440000  0.052000
64.460000  0.047000
64.480000  0.052000
64.500000  0.061000
64.520000  0.071000
64.540000  0.078000
64.560000  0.069000
64.580000  0.052000
64.600000  0.039000
64.620000  0.041000
64.640000  0.049000
64.660000  0.050000
64.680000  0.038000
64.700000  0.025000
64.720000  0.011000
64.740000  -0.002000
64.760000  -0.015000
64.780000  -0.022000
64.800000  -0.027000
64.820000  -0.030000
64.840000  -0.035000
64.860000  -0.039000
64.880000  -0.043000
64.900000  -0.042000
64.920000  -0.040000
64.940000  -0.037000
64.960000  -0.035000
64.980000  -0.032000
65.000000  -0.029000
65.020000  -0.027000
65.040000  -0.023000
65.060000  -0.013000
65.080000  -0.001000
65.100000  0.012000
65.120000  0.025000
65.140000  0.038000
65.160000  0.042000
65.180000  0.033000
65.200000  0.022000
65.220000  0.012000
65.240000  0.017000
65.260000  0.026000
65.280000  0.037000
65.300000  0.041000
65.320000  0.030000
65.340000  0.017000
65.360000  0.002000
65.380000  -0.012000
65.400000  -0.013000
65.420000  -0.003000
65.440000  0.008000
65.460000  0.020000
65.480000  0.020000
65.500000  0.011000
65.520000  0.001000
65.540000  -0.010000
65.560000  -0.020000
65.580000  -0.030000
65.600000  -0.028000
65.620000  -0.018000
65.640000  -0.006000
65.660000  0.006000
65.680000  0.007000
65.700000  -0.001000
65.720000  -0.009000
65.740000  -0.018000
65.760000  -0.021000
65.780000  -0.021000
65.800000  -0.020000
65.820000  -0.019000
65.840000  -0.018000
65.860000  -0.017000
65.880000  -0.014000
65.900000  -0.012000
65.920000  -0.009000
65.940000  -0.007000
65.960000  -0.004000
65.980000  -0.008000
66.000000  -0.017000
66.020000  -0.026000
66.040000  -0.020000
66.060000  -0.003000
66.080000  0.008000
66.100000  0.000000
66.120000  -0.014000
66.140000  -0.022000
66.160000  -0.012000
66.180000  -0.001000
66.200000  0.013000
66.220000  0.021000
66.240000  0.018000
66.260000  0.013000
66.280000  0.007000
66.300000  0.001000
66.320000  -0.005000
66.340000  -0.005000
66.360000  -0.004000
66.380000  -0.002000
66.400000  -0.001000
66.420000  0.001000
66.440000  0.003000
66.460000  0.005000
66.480000  0.008000
66.500000  0.010000
66.520000  0.013000
66.540000  0.015000
66.560000  0.021000
66.580000  0.033000
66.600000  0.038000
66.620000  0.034000
66.640000  0.028000
66.660000  0.021000
66.680000  0.020000
66.700000  0.028000
66.720000  0.039000
66.740000  0.039000
66.760000  0.031000
66.780000  0.022000
66.800000  0.011000
66.820000  0.007000
66.840000  0.007000
66.860000  0.009000
66.880000  0.010000
66.900000  0.012000
66.920000  0.013000
66.940000  0.013000
66.960000  0.013000
66.980000  0.012000
67.000000  0.006000
67.020000  -0.001000
67.040000  -0.008000
67.060000  -0.007000
67.080000  -0.002000
67.100000  0.003000
67.120000  0.008000
67.140000  0.010000
67.160000  0.004000
67.180000  -0.004000
67.200000  -0.007000
67.220000  -0.001000
67.240000  0.006000
67.260000  0.014000
67.280000  0.018000
67.300000  0.014000
67.320000  0.007000
67.340000  0.001000
67.360000  -0.006000
67.380000  -0.012000
67.400000  -0.010000
67.420000  -0.005000
67.440000  0.000000
67.460000  0.006000
67.480000  0.012000
67.500000  0.017000
67.520000  0.023000
67.540000  0.021000
67.560000  0.013000
67.580000  0.004000
67.600000  -0.007000
67.620000  -0.011000
67.640000  -0.007000
67.660000  0.000000
67.680000  0.007000
67.700000  0.013000
67.720000  0.020000
67.740000  0.024000
67.760000  0.014000
67.780000  0.001000
67.800000  -0.014000
67.820000  -0.024000
67.840000  -0.029000
67.860000  -0.034000
67.880000  -0.038000
67.900000  -0.042000
67.920000  -0.046000
67.940000  -0.049000
67.960000  -0.052000
67.980000  -0.056000
68.000000  -0.060000
68.020000  -0.065000
68.040000  -0.070000
68.060000  -0.074000
68.080000  -0.068000
68.100000  -0.060000
68.120000  -0.051000
68.140000  -0.043000
68.160000  -0.047000
68.180000  -0.057000
68.200000  -0.067000
68.220000  -0.076000
68.240000  -0.073000
68.260000  -0.065000
68.280000  -0.056000
68.300000  -0.047000
68.320000  -0.045000
68.340000  -0.044000
68.360000  -0.044000
68.380000  -0.044000
68.400000  -0.042000
68.420000  -0.028000
68.440000  -0.012000
68.460000  0.001000
68.480000  0.010000
68.500000  0.018000
68.520000  0.027000
68.540000  0.035000
68.560000  0.039000
68.580000  0.041000
68.600000  0.044000
68.620000  0.045000
68.640000  0.043000
68.660000  0.041000
68.680000  0.038000
68.700000  0.036000
68.720000  0.034000
68.740000  0.032000
68.760000  0.036000
68.780000  0.042000
68.800000  0.050000
68.820000  0.057000
68.840000  0.064000
68.860000  0.072000
68.880000  0.079000
68.900000  0.087000
68.920000  0.095000
68.940000  0.102000
68.960000  0.096000
68.980000  0.087000
69.000000  0.076000
69.020000  0.066000
69.040000  0.064000
69.060000  0.064000
69.080000  0.065000
69.100000  0.066000
69.120000  0.060000
69.140000  0.050000
69.160000  0.039000
69.180000  0.028000
69.200000  0.018000
69.220000  0.010000
69.240000  0.001000
69.260000  -0.007000
69.280000  -0.015000
69.300000  -0.024000
69.320000  -0.029000
69.340000  -0.033000
69.360000  -0.037000
69.380000  -0.040000
69.400000  -0.044000
69.420000  -0.048000
69.440000  -0.051000
69.460000  -0.053000
69.480000  -0.055000
69.500000  -0.055000
69.520000  -0.051000
69.540000  -0.047000
69.560000  -0.043000
69.580000  -0.039000
69.600000  -0.034000
69.620000  -0.030000
69.640000  -0.031000
69.660000  -0.036000
69.680000  -0.042000
69.700000  -0.048000
69.720000  -0.048000
69.740000  -0.045000
69.760000  -0.041000
69.780000  -0.037000
69.800000  -0.033000
69.820000  -0.032000
69.840000  -0.033000
69.860000  -0.034000
69.880000  -0.034000
69.900000  -0.034000
69.920000  -0.030000
69.940000  -0.025000
69.960000  -0.019000
69.980000  -0.013000
70.000000  -0.008000
70.020000  -0.001000
70.040000  0.006000
70.060000  0.013000
70.080000  0.020000
70.100000  0.028000
70.120000  0.030000
70.140000  0.027000
70.160000  0.024000
70.180000  0.020000
70.200000  0.016000
70.220000  0.013000
70.240000  0.009000
70.260000  0.010000
70.280000  0.017000
70.300000  0.024000
70.320000  0.032000
70.340000  0.040000
70.360000  0.042000
70.380000  0.034000
70.400000  0.025000
70.420000  0.016000
70.440000  0.007000
70.460000  0.002000
70.480000  0.001000
70.500000  -0.001000
70.520000  -0.002000
70.540000  -0.002000
70.560000  -0.004000
70.580000  -0.007000
70.600000  -0.009000
70.620000  -0.012000
70.640000  -0.014000
70.660000  -0.010000
70.680000  -0.005000
70.700000  0.000000
70.720000  0.005000
70.740000  0.011000
70.760000  0.013000
70.780000  0.011000
70.800000  0.012000
70.820000  0.018000
70.840000  0.026000
70.860000  0.034000
70.880000  0.042000
70.900000  0.043000
70.920000  0.037000
70.940000  0.031000
70.960000  0.024000
70.980000  0.018000
71.000000  0.012000
71.020000  0.007000
71.040000  0.003000
71.060000  0.000000
71.080000  -0.005000
71.100000  -0.008000
71.120000  -0.015000
71.140000  -0.026000
71.160000  -0.038000
71.180000  -0.042000
71.200000  -0.038000
71.220000  -0.033000
71.240000  -0.028000
71.260000  -0.023000
71.280000  -0.022000
71.300000  -0.027000
71.320000  -0.032000
71.340000  -0.038000
71.360000  -0.044000
71.380000  -0.050000
71.400000  -0.057000
71.420000  -0.060000
71.440000  -0.059000
71.460000  -0.056000
71.480000  -0.053000
71.500000  -0.050000
71.520000  -0.046000
71.540000  -0.043000
71.560000  -0.040000
71.580000  -0.036000
71.600000  -0.030000
71.620000  -0.025000
71.640000  -0.019000
71.660000  -0.014000
71.680000  -0.009000
71.700000  -0.003000
71.720000  0.002000
71.740000  0.009000
71.760000  0.016000
71.780000  0.024000
71.800000  0.032000
71.820000  0.037000
71.840000  0.032000
71.860000  0.025000
71.880000  0.017000
71.900000  0.009000
71.920000  0.002000
71.940000  -0.007000
71.960000  -0.009000
71.980000  -0.002000
72.000000  0.006000
72.020000  0.015000
72.040000  0.023000
72.060000  0.031000
72.080000  0.039000
72.100000  0.039000
72.120000  0.034000
72.140000  0.029000
72.160000  0.023000
72.180000  0.017000
72.200000  0.012000
72.220000  0.017000
72.240000  0.025000
72.260000  0.035000
72.280000  0.044000
72.300000  0.052000
72.320000  0.051000
72.340000  0.046000
72.360000  0.041000
72.380000  0.036000
72.400000  0.030000
72.420000  0.025000
72.440000  0.020000
72.460000  0.015000
72.480000  0.009000
72.500000  0.004000
72.520000  -0.001000
72.540000  -0.006000
72.560000  -0.011000
72.580000  -0.016000
72.600000  -0.021000
72.620000  -0.026000
72.640000  -0.030000
72.660000  -0.029000
72.680000  -0.027000
72.700000  -0.024000
72.720000  -0.022000
72.740000  -0.020000
72.760000  -0.018000
72.780000  -0.015000
72.800000  -0.014000
72.820000  -0.012000
72.840000  -0.011000
72.860000  -0.010000
72.880000  -0.008000
72.900000  -0.009000
72.920000  -0.012000
72.940000  -0.014000
72.960000  -0.017000
72.980000  -0.021000
73.000000  -0.023000
73.020000  -0.018000
73.040000  -0.010000
73.060000  -0.002000
73.080000  0.006000
73.100000  0.015000
73.120000  0.023000
73.140000  0.031000
73.160000  0.040000
73.180000  0.042000
73.200000  0.036000
73.220000  0.030000
73.240000  0.022000
73.260000  0.016000
73.280000  0.009000
73.300000  0.002000
73.320000  0.003000
73.340000  0.009000
73.360000  0.014000
73.380000  0.020000
73.400000  0.026000
73.420000  0.030000
73.440000  0.032000
73.460000  0.033000
73.480000  0.034000
73.500000  0.034000
73.520000  0.035000
73.540000  0.036000
73.560000  0.037000
73.580000  0.037000
73.600000  0.038000
73.620000  0.039000
73.640000  0.036000
73.660000  0.032000
73.680000  0.028000
73.700000  0.023000
73.720000  0.019000
73.740000  0.015000
73.760000  0.011000
73.780000  0.006000
73.800000  0.002000
73.820000  -0.002000
73.840000  -0.004000
73.860000  -0.006000
73.880000  -0.007000
73.900000  -0.009000
73.920000  -0.014000
73.940000  -0.021000
73.960000  -0.029000
73.980000  -0.036000
74.000000  -0.044000
74.020000  -0.047000
74.040000  -0.046000
74.060000  -0.044000
74.080000  -0.041000
74.100000  -0.039000
74.120000  -0.037000
74.140000  -0.034000
74.160000  -0.032000
74.180000  -0.030000
74.200000  -0.027000
74.220000  -0.025000
74.240000  -0.024000
74.260000  -0.023000
74.280000  -0.023000
74.300000  -0.023000
74.320000  -0.023000
74.340000  -0.023000
74.360000  -0.022000
74.380000  -0.022000
74.400000  -0.022000
74.420000  -0.022000
74.440000  -0.022000
74.460000  -0.021000
74.480000  -0.021000
74.500000  -0.021000
74.520000  -0.021000
74.540000  -0.020000
74.560000  -0.020000
74.580000  -0.020000
74.600000  -0.020000
74.620000  -0.019000
74.640000  -0.019000
74.660000  -0.019000
74.680000  -0.015000
74.700000  -0.011000
74.720000  -0.006000
74.740000  -0.002000
74.760000  0.003000
74.780000  0.007000
74.800000  0.012000
74.820000  0.015000
74.840000  0.015000
74.860000  0.016000
74.880000  0.016000
74.900000  0.016000
74.920000  0.016000
74.940000  0.016000
74.960000  0.016000
74.980000  0.013000
75.000000  0.008000
75.020000  0.004000
75.040000  0.012000
75.060000  0.022000
75.080000  0.033000
75.100000  0.039000
75.120000  0.043000
75.140000  0.046000
75.160000  0.043000
75.180000  0.034000
75.200000  0.026000
75.220000  0.017000
75.240000  0.010000
75.260000  0.004000
75.280000  -0.003000
75.300000  -0.008000
75.320000  -0.010000
75.340000  -0.010000
75.360000  -0.009000
75.380000  -0.009000
75.400000  -0.008000
75.420000  -0.008000
75.440000  -0.007000
75.460000  -0.007000
75.480000  -0.007000
75.500000  -0.008000
75.520000  -0.012000
75.540000  -0.016000
75.560000  -0.017000
75.580000  -0.012000
75.600000  -0.007000
75.620000  0.000000
75.640000  0.006000
75.660000  0.010000
75.680000  0.010000
75.700000  0.009000
75.720000  0.007000
75.740000  0.005000
75.760000  0.003000
75.780000  0.001000
75.800000  0.000000
75.820000  0.000000
75.840000  -0.001000
75.860000  -0.001000
75.880000  -0.002000
75.900000  -0.002000
75.920000  -0.002000
75.940000  -0.003000
75.960000  -0.005000
75.980000  -0.006000
76.000000  -0.008000
76.020000  -0.004000
76.040000  0.002000
76.060000  0.009000
76.080000  0.016000
76.100000  0.023000
76.120000  0.030000
76.140000  0.035000
76.160000  0.035000
76.180000  0.034000
76.200000  0.033000
76.220000  0.032000
76.240000  0.030000
76.260000  0.029000
76.280000  0.024000
76.300000  0.018000
76.320000  0.012000
76.340000  0.006000
76.360000  0.000000
76.380000  -0.002000
76.400000  -0.004000
76.420000  -0.006000
76.440000  -0.007000
76.460000  -0.009000
76.480000  -0.011000
76.500000  -0.012000
76.520000  -0.014000
76.540000  -0.015000
76.560000  -0.017000
76.580000  -0.019000
76.600000  -0.021000
76.620000  -0.023000
76.640000  -0.025000
76.660000  -0.027000
76.680000  -0.029000
76.700000  -0.031000
76.720000  -0.031000
76.740000  -0.029000
76.760000  -0.027000
76.780000  -0.025000
76.800000  -0.023000
76.820000  -0.021000
76.840000  -0.019000
76.860000  -0.017000
76.880000  -0.015000
76.900000  -0.014000
76.920000  -0.012000
76.940000  -0.010000
76.960000  -0.008000
76.980000  -0.007000
77.000000  -0.005000
77.020000  -0.003000
77.040000  -0.004000
77.060000  -0.004000
77.080000  -0.005000
77.100000  -0.006000
77.120000  -0.005000
77.140000  0.000000
77.160000  0.005000
77.180000  0.010000
77.200000  0.015000
77.220000  0.021000
77.240000  0.026000
77.260000  0.031000
77.280000  0.034000
77.300000  0.034000
77.320000  0.034000
77.340000  0.033000
77.360000  0.032000
77.380000  0.031000
77.400000  0.029000
77.420000  0.028000
77.440000  0.026000
77.460000  0.025000
77.480000  0.023000
77.500000  0.022000
77.520000  0.022000
77.540000  0.025000
77.560000  0.027000
77.580000  0.030000
77.600000  0.033000
77.620000  0.036000
77.640000  0.038000
77.660000  0.040000
77.680000  0.041000
77.700000  0.043000
77.720000  0.044000
77.740000  0.041000
77.760000  0.036000
77.780000  0.032000
77.800000  0.027000
77.820000  0.022000
77.840000  0.017000
77.860000  0.013000
77.880000  0.009000
77.900000  0.005000
77.920000  0.002000
77.940000  -0.002000
77.960000  -0.006000
77.980000  -0.009000
78.000000  -0.013000
78.020000  -0.017000
78.040000  -0.020000
78.060000  -0.024000
78.080000  -0.027000
78.100000  -0.030000
78.120000  -0.033000
78.140000  -0.036000
78.160000  -0.039000
78.180000  -0.042000
78.200000  -0.045000
78.220000  -0.047000
78.240000  -0.050000
78.260000  -0.053000
78.280000  -0.054000
78.300000  -0.050000
78.320000  -0.046000
78.340000  -0.041000
78.360000  -0.036000
78.380000  -0.030000
78.400000  -0.026000
78.420000  -0.023000
78.440000  -0.021000
78.460000  -0.020000
78.480000  -0.018000
78.500000  -0.016000
78.520000  -0.015000
78.540000  -0.013000
78.560000  -0.010000
78.580000  -0.007000
78.600000  -0.004000
78.620000  -0.001000
78.640000  0.002000
78.660000  0.004000
78.680000  0.007000
78.700000  0.011000
78.720000  0.015000
78.740000  0.020000
78.760000  0.026000
78.780000  0.029000
78.800000  0.026000
78.820000  0.023000
78.840000  0.019000
78.860000  0.016000
78.880000  0.012000
78.900000  0.009000
78.920000  0.005000
78.940000  0.003000
78.960000  0.001000
78.980000  -0.001000
79.000000  -0.002000
79.020000  -0.004000
79.040000  -0.005000
79.060000  -0.006000
79.080000  -0.008000
79.100000  -0.009000
79.120000  -0.011000
79.140000  -0.013000
79.160000  -0.017000
79.180000  -0.020000
79.200000  -0.024000
79.220000  -0.027000
79.240000  -0.030000
79.260000  -0.031000
79.280000  -0.031000
79.300000  -0.030000
79.320000  -0.030000
79.340000  -0.029000
79.360000  -0.029000
79.380000  -0.027000
79.400000  -0.025000
79.420000  -0.023000
79.440000  -0.021000
79.460000  -0.019000
79.480000  -0.017000
79.500000  -0.015000
79.520000  -0.012000
79.540000  -0.010000
79.560000  -0.008000
79.580000  -0.006000
79.600000  -0.003000
79.620000  -0.001000
79.640000  0.002000
79.660000  0.004000
79.680000  0.006000
79.700000  0.009000
79.720000  0.011000
79.740000  0.013000
79.760000  0.014000
79.780000  0.016000
79.800000  0.017000
79.820000  0.018000
79.840000  0.019000
79.860000  0.017000
79.880000  0.014000
79.900000  0.011000
79.920000  0.008000
79.940000  0.005000
79.960000  0.001000
79.980000  -0.002000
80.000000  -0.005000
80.020000  -0.008000
80.040000  -0.011000
80.060000  -0.010000
80.080000  -0.006000
80.100000  -0.002000
80.120000  0.002000
80.140000  0.006000
80.160000  0.010000
80.180000  0.014000
80.200000  0.018000
80.220000  0.022000
80.240000  0.026000
80.260000  0.030000
80.280000  0.034000
80.300000  0.038000
80.320000  0.042000
80.340000  0.041000
80.360000  0.039000
80.380000  0.036000
80.400000  0.034000
80.420000  0.031000
80.440000  0.028000
80.460000  0.027000
80.480000  0.029000
80.500000  0.030000
80.520000  0.031000
80.540000  0.033000
80.560000  0.034000
80.580000  0.036000
80.600000  0.037000
80.620000  0.039000
80.640000  0.035000
80.660000  0.029000
80.680000  0.022000
80.700000  0.016000
80.720000  0.009000
80.740000  0.003000
80.760000  -0.004000
80.780000  -0.008000
80.800000  -0.008000
80.820000  -0.008000
80.840000  -0.008000
80.860000  -0.008000
80.880000  -0.007000
80.900000  -0.007000
80.920000  -0.007000
80.940000  -0.006000
80.960000  -0.004000
80.980000  -0.002000
81.000000  0.001000
81.020000  0.004000
81.040000  0.006000
81.060000  0.009000
81.080000  0.011000
81.100000  0.014000
81.120000  0.011000
81.140000  0.007000
81.160000  0.002000
81.180000  -0.003000
81.200000  -0.008000
81.220000  -0.014000
81.240000  -0.019000
81.260000  -0.022000
81.280000  -0.024000
81.300000  -0.026000
81.320000  -0.029000
81.340000  -0.031000
81.360000  -0.033000
81.380000  -0.035000
81.400000  -0.038000
81.420000  -0.038000
81.440000  -0.033000
81.460000  -0.028000
81.480000  -0.023000
81.500000  -0.018000
81.520000  -0.012000
81.540000  -0.007000
81.560000  -0.002000
81.580000  0.003000
81.600000  0.007000
81.620000  0.011000
81.640000  0.015000
81.660000  0.019000
81.680000  0.023000
81.700000  0.028000
81.720000  0.031000
81.740000  0.030000
81.760000  0.028000
81.780000  0.026000
81.800000  0.024000
81.820000  0.021000
81.840000  0.017000
81.860000  0.011000
81.880000  0.006000
81.900000  0.001000
81.920000  -0.004000
81.940000  -0.010000
81.960000  -0.015000
81.980000  -0.016000
82.000000  -0.017000
82.020000  -0.017000
82.040000  -0.017000
82.060000  -0.017000
82.080000  -0.018000
82.100000  -0.018000
82.120000  -0.018000
82.140000  -0.019000
82.160000  -0.019000
82.180000  -0.021000
82.200000  -0.023000
82.220000  -0.025000
82.240000  -0.027000
82.260000  -0.029000
82.280000  -0.031000
82.300000  -0.033000
82.320000  -0.035000
82.340000  -0.036000
82.360000  -0.038000
82.380000  -0.039000
82.400000  -0.040000
82.420000  -0.041000
82.440000  -0.042000
82.460000  -0.044000
82.480000  -0.045000
82.500000  -0.046000
82.520000  -0.046000
82.540000  -0.045000
82.560000  -0.045000
82.580000  -0.044000
82.600000  -0.043000
82.620000  -0.043000
82.640000  -0.042000
82.660000  -0.042000
82.680000  -0.041000
82.700000  -0.040000
82.720000  -0.040000
82.740000  -0.039000
82.760000  -0.037000
82.780000  -0.033000
82.800000  -0.028000
82.820000  -0.023000
82.840000  -0.019000
82.860000  -0.014000
82.880000  -0.009000
82.900000  -0.004000
82.920000  0.001000
82.940000  0.006000
82.960000  0.010000
82.980000  0.015000
83.000000  0.020000
83.020000  0.024000
83.040000  0.028000
83.060000  0.032000
83.080000  0.036000
83.100000  0.039000
83.120000  0.043000
83.140000  0.047000
83.160000  0.051000
83.180000  0.055000
83.200000  0.059000
83.220000  0.062000
83.240000  0.062000
83.260000  0.061000
83.280000  0.059000
83.300000  0.058000
83.320000  0.056000
83.340000  0.055000
83.360000  0.053000
83.380000  0.051000
83.400000  0.050000
83.420000  0.048000
83.440000  0.047000
83.460000  0.044000
83.480000  0.040000
83.500000  0.036000
83.520000  0.032000
83.540000  0.028000
83.560000  0.023000
83.580000  0.019000
83.600000  0.015000
83.620000  0.011000
83.640000  0.007000
83.660000  0.003000
83.680000  -0.002000
83.700000  -0.006000
83.720000  -0.009000
83.740000  -0.010000
83.760000  -0.012000
83.780000  -0.013000
83.800000  -0.014000
83.820000  -0.015000
83.840000  -0.017000
83.860000  -0.018000
83.880000  -0.019000
83.900000  -0.021000
83.920000  -0.022000
83.940000  -0.023000
83.960000  -0.022000
83.980000  -0.021000
84.000000  -0.021000
84.020000  -0.020000
84.040000  -0.019000
84.060000  -0.018000
84.080000  -0.017000
84.100000  -0.017000
84.120000  -0.016000
84.140000  -0.015000
84.160000  -0.014000
84.180000  -0.013000
84.200000  -0.013000
84.220000  -0.011000
84.240000  -0.008000
84.260000  -0.005000
84.280000  -0.002000
84.300000  0.001000
84.320000  0.004000
84.340000  0.007000
84.360000  0.009000
84.380000  0.012000
84.400000  0.015000
84.420000  0.018000
84.440000  0.022000
84.460000  0.025000
84.480000  0.029000
84.500000  0.032000
84.520000  0.035000
84.540000  0.039000
84.560000  0.042000
84.580000  0.045000
84.600000  0.044000
84.620000  0.042000
84.640000  0.040000
84.660000  0.038000
84.680000  0.036000
84.700000  0.034000
84.720000  0.030000
84.740000  0.027000
84.760000  0.023000
84.780000  0.019000
84.800000  0.015000
84.820000  0.011000
84.840000  0.008000
84.860000  0.004000
84.880000  0.000000
84.900000  -0.004000
84.920000  -0.008000
84.940000  -0.011000
84.960000  -0.015000
84.980000  -0.019000
85.000000  -0.021000
85.020000  -0.023000
85.040000  -0.026000
85.060000  -0.028000
85.080000  -0.030000
85.100000  -0.033000
85.120000  -0.035000
85.140000  -0.037000
85.160000  -0.039000
85.180000  -0.042000
85.200000  -0.044000
85.220000  -0.046000
85.240000  -0.048000
85.260000  -0.048000
85.280000  -0.049000
85.300000  -0.049000
85.320000  -0.049000
85.340000  -0.049000
85.360000  -0.050000
85.380000  -0.050000
85.400000  -0.050000
85.420000  -0.051000
85.440000  -0.050000
85.460000  -0.047000
85.480000  -0.043000
85.500000  -0.040000
85.520000  -0.036000
85.540000  -0.032000
85.560000  -0.029000
85.580000  -0.025000
85.600000  -0.023000
85.620000  -0.021000
85.640000  -0.019000
85.660000  -0.018000
85.680000  -0.016000
85.700000  -0.014000
85.720000  -0.012000
85.740000  -0.011000
85.760000  -0.009000
85.780000  -0.007000
85.800000  -0.004000
85.820000  0.000000
85.840000  0.004000
85.860000  0.008000
85.880000  0.012000
85.900000  0.016000
85.920000  0.020000
85.940000  0.024000
85.960000  0.026000
85.980000  0.027000
86.000000  0.027000
86.020000  0.028000
86.040000  0.028000
86.060000  0.028000
86.080000  0.028000
86.100000  0.029000
86.120000  0.029000
86.140000  0.029000
86.160000  0.029000
86.180000  0.030000
86.200000  0.030000
86.220000  0.030000
86.240000  0.031000
86.260000  0.031000
86.280000  0.032000
86.300000  0.032000
86.320000  0.033000
86.340000  0.033000
86.360000  0.033000
86.380000  0.034000
86.400000  0.034000
86.420000  0.035000
86.440000  0.035000
86.460000  0.036000
86.480000  0.035000
86.500000  0.034000
86.520000  0.033000
86.540000  0.032000
86.560000  0.030000
86.580000  0.029000
86.600000  0.028000
86.620000  0.027000
86.640000  0.025000
86.660000  0.024000
86.680000  0.023000
86.700000  0.021000
86.720000  0.020000
86.740000  0.019000
86.760000  0.017000
86.780000  0.016000
86.800000  0.014000
86.820000  0.011000
86.840000  0.009000
86.860000  0.006000
86.880000  0.003000
86.900000  0.000000
86.920000  -0.003000
86.940000  -0.006000
86.960000  -0.008000
86.980000  -0.011000
87.000000  -0.014000
87.020000  -0.017000
87.040000  -0.020000
87.060000  -0.023000
87.080000  -0.024000
87.100000  -0.025000
87.120000  -0.025000
87.140000  -0.025000
87.160000  -0.025000
87.180000  -0.025000
87.200000  -0.025000
87.220000  -0.025000
87.240000  -0.025000
87.260000  -0.025000
87.280000  -0.026000
87.300000  -0.025000
87.320000  -0.024000
87.340000  -0.022000
87.360000  -0.021000
87.380000  -0.019000
87.400000  -0.017000
87.420000  -0.015000
87.440000  -0.013000
87.460000  -0.011000
87.480000  -0.010000
87.500000  -0.008000
87.520000  -0.006000
87.540000  -0.004000
87.560000  -0.002000
87.580000  0.000000
87.600000  0.002000
87.620000  0.004000
87.640000  0.006000
87.660000  0.008000
87.680000  0.009000
87.700000  0.011000
87.720000  0.013000
87.740000  0.015000
87.760000  0.017000
87.780000  0.018000
87.800000  0.020000
87.820000  0.022000
87.840000  0.023000
87.860000  0.025000
87.880000  0.026000
87.900000  0.028000
87.920000  0.030000
87.940000  0.031000
87.960000  0.033000
87.980000  0.035000
88.000000  0.036000
88.020000  0.036000
88.040000  0.035000
88.060000  0.033000
88.080000  0.032000
88.100000  0.030000
88.120000  0.029000
88.140000  0.027000
88.160000  0.026000
88.180000  0.024000
88.200000  0.023000
88.220000  0.021000
88.240000  0.019000
88.260000  0.017000
88.280000  0.014000
88.300000  0.010000
88.320000  0.007000
88.340000  0.004000
88.360000  0.000000
88.380000  -0.003000
88.400000  -0.006000
88.420000  -0.009000
88.440000  -0.013000
88.460000  -0.016000
88.480000  -0.019000
88.500000  -0.023000
88.520000  -0.027000
88.540000  -0.031000
88.560000  -0.035000
88.580000  -0.039000
88.600000  -0.044000
88.620000  -0.048000
88.640000  -0.052000
88.660000  -0.056000
88.680000  -0.059000
88.700000  -0.057000
88.720000  -0.055000
88.740000  -0.051000
88.760000  -0.048000
88.780000  -0.045000
88.800000  -0.042000
88.820000  -0.039000
88.840000  -0.035000
88.860000  -0.032000
88.880000  -0.029000
88.900000  -0.023000
88.920000  -0.016000
88.940000  -0.008000
88.960000  0.000000
88.980000  0.007000
89.000000  0.015000
89.020000  0.023000
89.040000  0.027000
89.060000  0.031000
