 0.000   0.0000000
 0.010  -0.0028690
 0.020  -0.0078446
 0.030  -0.0112550
 0.040  -0.0109790
 0.050  -0.0108360
 0.060  -0.0126800
 0.070  -0.0140010
 0.080  -0.0113940
 0.090  -0.0067719
 0.100  -0.0049305
 0.110  -0.0060972
 0.120  -0.0071213
 0.130  -0.0071990
 0.140  -0.0075388
 0.150  -0.0088216
 0.160  -0.0112900
 0.170  -0.0144070
 0.180  -0.0156990
 0.190  -0.0125190
 0.200  -0.0059367
 0.210  -0.0001040
 0.220   0.0022112
 0.230   0.0016982
 0.240   0.0002529
 0.250  -0.0021409
 0.260  -0.0063524
 0.270  -0.0104260
 0.280  -0.0098565
 0.290  -0.0050531
 0.300  -0.0035920
 0.310  -0.0103220
 0.320  -0.0181580
 0.330  -0.0163640
 0.340  -0.0050874
 0.350   0.0060773
 0.360   0.0122900
 0.370   0.0162310
 0.380   0.0184390
 0.390   0.0159430
 0.400   0.0109690
 0.410   0.0104100
 0.420   0.0149820
 0.430   0.0183710
 0.440   0.0178240
 0.450   0.0170470
 0.460   0.0182650
 0.470   0.0198530
 0.480   0.0207030
 0.490   0.0198450
 0.500   0.0132820
 0.510  -0.0007221
 0.520  -0.0164990
 0.530  -0.0256770
 0.540  -0.0247330
 0.550  -0.0139820
 0.560   0.0030360
 0.570   0.0171290
 0.580   0.0188670
 0.590   0.0108280
 0.600   0.0050449
 0.610   0.0060591
 0.620   0.0064522
 0.630   0.0008434
 0.640  -0.0066628
 0.650  -0.0105480
 0.660  -0.0097863
 0.670  -0.0049965
 0.680   0.0021328
 0.690   0.0075886
 0.700   0.0088273
 0.710   0.0070880
 0.720   0.0022560
 0.730  -0.0082271
 0.740  -0.0230410
 0.750  -0.0359490
 0.760  -0.0427550
 0.770  -0.0438130
 0.780  -0.0404140
 0.790  -0.0343980
 0.800  -0.0292990
 0.810  -0.0268420
 0.820  -0.0239020
 0.830  -0.0167110
 0.840  -0.0037532
 0.850   0.0157770
 0.860   0.0385270
 0.870   0.0518810
 0.880   0.0436350
 0.890   0.0195700
 0.900   0.0003395
 0.910  -0.0015610
 0.920   0.0071125
 0.930   0.0146480
 0.940   0.0186540
 0.950   0.0215570
 0.960   0.0208020
 0.970   0.0122630
 0.980  -0.0002922
 0.990  -0.0076293
 1.000  -0.0063068
 1.010  -0.0006710
 1.020   0.0070376
 1.030   0.0203020
 1.040   0.0398060
 1.050   0.0585520
 1.060   0.0700510
 1.070   0.0748300
 1.080   0.0756530
 1.090   0.0728910
 1.100   0.0678010
 1.110   0.0627700
 1.120   0.0545890
 1.130   0.0357920
 1.140   0.0062869
 1.150  -0.0234200
 1.160  -0.0449430
 1.170  -0.0608610
 1.180  -0.0787190
 1.190  -0.1007500
 1.200  -0.1221400
 1.210  -0.1347000
 1.220  -0.1319000
 1.230  -0.1144000
 1.240  -0.0922810
 1.250  -0.0771480
 1.260  -0.0707620
 1.270  -0.0651550
 1.280  -0.0522330
 1.290  -0.0285690
 1.300   0.0070602
 1.310   0.0515050
 1.320   0.0920760
 1.330   0.1138600
 1.340   0.1169000
 1.350   0.1170200
 1.360   0.1239500
 1.370   0.1292200
 1.380   0.1216700
 1.390   0.1046900
 1.400   0.0891950
 1.410   0.0790140
 1.420   0.0709740
 1.430   0.0624490
 1.440   0.0512640
 1.450   0.0351340
 1.460   0.0162890
 1.470   0.0013103
 1.480  -0.0071090
 1.490  -0.0123540
 1.500  -0.0172280
 1.510  -0.0211880
 1.520  -0.0258400
 1.530  -0.0368550
 1.540  -0.0562970
 1.550  -0.0770660
 1.560  -0.0887280
 1.570  -0.0900940
 1.580  -0.0912890
 1.590  -0.1010400
 1.600  -0.1128700
 1.610  -0.1109600
 1.620  -0.0878590
 1.630  -0.0517880
 1.640  -0.0176810
 1.650   0.0008704
 1.660  -0.0020261
 1.670  -0.0159010
 1.680  -0.0163670
 1.690   0.0079742
 1.700   0.0367710
 1.710   0.0413190
 1.720   0.0235320
 1.730   0.0123250
 1.740   0.0227020
 1.750   0.0380260
 1.760   0.0387770
 1.770   0.0300370
 1.780   0.0291860
 1.790   0.0382070
 1.800   0.0440180
 1.810   0.0411230
 1.820   0.0386030
 1.830   0.0427510
 1.840   0.0450840
 1.850   0.0359590
 1.860   0.0212100
 1.870   0.0163360
 1.880   0.0245620
 1.890   0.0305050
 1.900   0.0187690
 1.910  -0.0035904
 1.920  -0.0115740
 1.930   0.0067274
 1.940   0.0288570
 1.950   0.0207110
 1.960  -0.0201290
 1.970  -0.0572280
 1.980  -0.0571290
 1.990  -0.0241200
 2.000   0.0123550
 2.010   0.0319900
 2.020   0.0358560
 2.030   0.0367340
 2.040   0.0461310
 2.050   0.0630500
 2.060   0.0702970
 2.070   0.0509020
 2.080   0.0116010
 2.090  -0.0200810
 2.100  -0.0253660
 2.110  -0.0112850
 2.120   0.0038241
 2.130   0.0093746
 2.140   0.0037834
 2.150  -0.0100900
 2.160  -0.0238610
 2.170  -0.0277330
 2.180  -0.0230010
 2.190  -0.0233670
 2.200  -0.0383260
 2.210  -0.0612110
 2.220  -0.0793940
 2.230  -0.0893580
 2.240  -0.0942850
 2.250  -0.0924320
 2.260  -0.0771760
 2.270  -0.0488130
 2.280  -0.0195010
 2.290  -0.0050720
 2.300  -0.0111000
 2.310  -0.0275940
 2.320  -0.0372090
 2.330  -0.0327450
 2.340  -0.0239000
 2.350  -0.0241790
 2.360  -0.0327000
 2.370  -0.0357630
 2.380  -0.0240200
 2.390  -0.0020253
 2.400   0.0190830
 2.410   0.0319260
 2.420   0.0367040
 2.430   0.0390490
 2.440   0.0448150
 2.450   0.0542250
 2.460   0.0629900
 2.470   0.0697590
 2.480   0.0786220
 2.490   0.0906270
 2.500   0.0971200
 2.510   0.0878930
 2.520   0.0657350
 2.530   0.0456310
 2.540   0.0374180
 2.550   0.0341570
 2.560   0.0229440
 2.570   0.0012976
 2.580  -0.0227350
 2.590  -0.0429300
 2.600  -0.0572950
 2.610  -0.0628690
 2.620  -0.0578860
 2.630  -0.0483370
 2.640  -0.0410280
 2.650  -0.0325620
 2.660  -0.0151810
 2.670   0.0075801
 2.680   0.0230360
 2.690   0.0256510
 2.700   0.0217590
 2.710   0.0190050
 2.720   0.0187430
 2.730   0.0184180
 2.740   0.0159530
 2.750   0.0135860
 2.760   0.0179380
 2.770   0.0315030
 2.780   0.0440710
 2.790   0.0436240
 2.800   0.0351080
 2.810   0.0339580
 2.820   0.0395900
 2.830   0.0334910
 2.840   0.0087776
 2.850  -0.0159830
 2.860  -0.0206030
 2.870  -0.0063446
 2.880   0.0118020
 2.890   0.0227500
 2.900   0.0236820
 2.910   0.0190620
 2.920   0.0194760
 2.930   0.0308490
 2.940   0.0411490
 2.950   0.0320720
 2.960   0.0041675
 2.970  -0.0214050
 2.980  -0.0298780
 2.990  -0.0254080
 3.000  -0.0203670
 3.010  -0.0233000
 3.020  -0.0385030
 3.030  -0.0627440
 3.040  -0.0829610
 3.050  -0.0865570
 3.060  -0.0760040
 3.070  -0.0649050
 3.080  -0.0597230
 3.090  -0.0536380
 3.100  -0.0380040
 3.110  -0.0138580
 3.120   0.0092432
 3.130   0.0209360
 3.140   0.0188550
 3.150   0.0109420
 3.160   0.0091613
 3.170   0.0190010
 3.180   0.0371000
 3.190   0.0546300
 3.200   0.0612330
 3.210   0.0498200
 3.220   0.0256030
 3.230   0.0060874
 3.240   0.0048591
 3.250   0.0144970
 3.260   0.0149860
 3.270  -0.0021156
 3.280  -0.0258430
 3.290  -0.0432650
 3.300  -0.0531800
 3.310  -0.0587170
 3.320  -0.0559310
 3.330  -0.0393840
 3.340  -0.0152260
 3.350   0.0014424
 3.360   0.0033713
 3.370  -0.0022803
 3.380  -0.0070340
 3.390  -0.0127420
 3.400  -0.0235390
 3.410  -0.0323930
 3.420  -0.0267760
 3.430  -0.0056388
 3.440   0.0200740
 3.450   0.0441520
 3.460   0.0692310
 3.470   0.0924120
 3.480   0.1013300
 3.490   0.0916480
 3.500   0.0757460
 3.510   0.0661840
 3.520   0.0608610
 3.530   0.0521550
 3.540   0.0405080
 3.550   0.0313260
 3.560   0.0258720
 3.570   0.0222880
 3.580   0.0182830
 3.590   0.0092723
 3.600  -0.0093261
 3.610  -0.0344450
 3.620  -0.0585700
 3.630  -0.0811000
 3.640  -0.1069700
 3.650  -0.1343000
 3.660  -0.1570200
 3.670  -0.1781000
 3.680  -0.2057900
 3.690  -0.2359400
 3.700  -0.2538800
 3.710  -0.2546300
 3.720  -0.2486100
 3.730  -0.2456000
 3.740  -0.2438500
 3.750  -0.2347700
 3.760  -0.2095200
 3.770  -0.1633600
 3.780  -0.1023500
 3.790  -0.0438480
 3.800  -0.0036710
 3.810   0.0145500
 3.820   0.0139870
 3.830  -0.0020129
 3.840  -0.0279100
 3.850  -0.0543680
 3.860  -0.0756230
 3.870  -0.0910900
 3.880  -0.1013800
 3.890  -0.1085500
 3.900  -0.1205700
 3.910  -0.1446400
 3.920  -0.1767400
 3.930  -0.2044100
 3.940  -0.2195800
 3.950  -0.2214500
 3.960  -0.2071800
 3.970  -0.1682600
 3.980  -0.0998440
 3.990  -0.0104310
 4.000   0.0827190
 4.010   0.1666700
 4.020   0.2395000
 4.030   0.3067400
 4.040   0.3748900
 4.050   0.4445600
 4.060   0.5011300
 4.070   0.5137000
 4.080   0.4577800
 4.090   0.3448800
 4.100   0.2196500
 4.110   0.1239900
 4.120   0.0752560
 4.130   0.0756430
 4.140   0.1196800
 4.150   0.1862100
 4.160   0.2439500
 4.170   0.2760800
 4.180   0.2866800
 4.190   0.2829800
 4.200   0.2688800
 4.210   0.2556200
 4.220   0.2557000
 4.230   0.2624100
 4.240   0.2545300
 4.250   0.2249600
 4.260   0.1868200
 4.270   0.1471200
 4.280   0.0938170
 4.290   0.0166090
 4.300  -0.0743430
 4.310  -0.1594600
 4.320  -0.2284500
 4.330  -0.2837100
 4.340  -0.3319100
 4.350  -0.3769500
 4.360  -0.4168100
 4.370  -0.4464600
 4.380  -0.4646100
 4.390  -0.4735200
 4.400  -0.4668900
 4.410  -0.4232800
 4.420  -0.3259600
 4.430  -0.1889900
 4.440  -0.0501980
 4.450   0.0639340
 4.460   0.1498200
 4.470   0.2035800
 4.480   0.2079100
 4.490   0.1539300
 4.500   0.0590050
 4.510  -0.0471510
 4.520  -0.1429200
 4.530  -0.2148100
 4.540  -0.2551400
 4.550  -0.2690700
 4.560  -0.2709900
 4.570  -0.2659100
 4.580  -0.2480000
 4.590  -0.2185000
 4.600  -0.1848700
 4.610  -0.1374000
 4.620  -0.0538810
 4.630   0.0600840
 4.640   0.1603600
 4.650   0.2141300
 4.660   0.2456900
 4.670   0.3128500
 4.680   0.4437900
 4.690   0.6129000
 4.700   0.7725700
 4.710   0.8891500
 4.720   0.9467800
 4.730   0.9399300
 4.740   0.8793000
 4.750   0.7980400
 4.760   0.7321400
 4.770   0.6860300
 4.780   0.6255500
 4.790   0.5116600
 4.800   0.3380800
 4.810   0.1373200
 4.820  -0.0442120
 4.830  -0.1778400
 4.840  -0.2697300
 4.850  -0.3469000
 4.860  -0.4229900
 4.870  -0.4800500
 4.880  -0.4939100
 4.890  -0.4704700
 4.900  -0.4408500
 4.910  -0.4229800
 4.920  -0.4100600
 4.930  -0.3998800
 4.940  -0.4094200
 4.950  -0.4476800
 4.960  -0.4964600
 4.970  -0.5354100
 4.980  -0.5682000
 4.990  -0.6061300
 5.000  -0.6436300
 5.010  -0.6678100
 5.020  -0.6750500
 5.030  -0.6551800
 5.040  -0.5749700
 5.050  -0.4075200
 5.060  -0.1738400
 5.070   0.0658170
 5.080   0.2592900
 5.090   0.3868100
 5.100   0.4530500
 5.110   0.4734800
 5.120   0.4626500
 5.130   0.4186600
 5.140   0.3318600
 5.150   0.2228100
 5.160   0.1540800
 5.170   0.1760700
 5.180   0.2698900
 5.190   0.3686000
 5.200   0.4311300
 5.210   0.4682200
 5.220   0.4914300
 5.230   0.4747400
 5.240   0.3890900
 5.250   0.2510900
 5.260   0.1076400
 5.270  -0.0107520
 5.280  -0.0970030
 5.290  -0.1409000
 5.300  -0.1309600
 5.310  -0.0878510
 5.320  -0.0681470
 5.330  -0.1164300
 5.340  -0.2263900
 5.350  -0.3514700
 5.360  -0.4421500
 5.370  -0.4691600
 5.380  -0.4304200
 5.390  -0.3447000
 5.400  -0.2429500
 5.410  -0.1583100
 5.420  -0.1157600
 5.430  -0.1180200
 5.440  -0.1425200
 5.450  -0.1577200
 5.460  -0.1491400
 5.470  -0.1249600
 5.480  -0.0967830
 5.490  -0.0582670
 5.500   0.0068884
 5.510   0.0998190
 5.520   0.2010700
 5.530   0.2998900
 5.540   0.4126400
 5.550   0.5475000
 5.560   0.6584500
 5.570   0.6761200
 5.580   0.5987500
 5.590   0.5058600
 5.600   0.4591300
 5.610   0.4324200
 5.620   0.3686800
 5.630   0.2611300
 5.640   0.1395100
 5.650   0.0201590
 5.660  -0.0884230
 5.670  -0.1674700
 5.680  -0.2252800
 5.690  -0.3160800
 5.700  -0.4736300
 5.710  -0.6527000
 5.720  -0.7748400
 5.730  -0.8081700
 5.740  -0.7690200
 5.750  -0.6793200
 5.760  -0.5583900
 5.770  -0.4350800
 5.780  -0.3323300
 5.790  -0.2501500
 5.800  -0.1741000
 5.810  -0.0877440
 5.820   0.0198300
 5.830   0.1353400
 5.840   0.2164800
 5.850   0.2324800
 5.860   0.2033100
 5.870   0.1764000
 5.880   0.1729000
 5.890   0.1809600
 5.900   0.1881000
 5.910   0.1905700
 5.920   0.1790700
 5.930   0.1468700
 5.940   0.1119200
 5.950   0.1056300
 5.960   0.1356000
 5.970   0.1717700
 5.980   0.1743000
 5.990   0.1311500
 6.000   0.0667870
 6.010   0.0164360
 6.020  -0.0034838
 6.030  -0.0013759
 6.040   0.0016050
 6.050  -0.0160090
 6.060  -0.0637080
 6.070  -0.1253200
 6.080  -0.1605200
 6.090  -0.1346300
 6.100  -0.0512050
 6.110   0.0496040
 6.120   0.1267400
 6.130   0.1683100
 6.140   0.1876900
 6.150   0.2004700
 6.160   0.2133000
 6.170   0.2303500
 6.180   0.2557300
 6.190   0.2843400
 6.200   0.2993000
 6.210   0.2903100
 6.220   0.2694900
 6.230   0.2591500
 6.240   0.2658900
 6.250   0.2743400
 6.260   0.2611800
 6.270   0.2138600
 6.280   0.1448000
 6.290   0.0870770
 6.300   0.0592480
 6.310   0.0352230
 6.320  -0.0333910
 6.330  -0.1608100
 6.340  -0.3100100
 6.350  -0.4318200
 6.360  -0.5046900
 6.370  -0.5345300
 6.380  -0.5375200
 6.390  -0.5302900
 6.400  -0.5227800
 6.410  -0.5100300
 6.420  -0.4796500
 6.430  -0.4284300
 6.440  -0.3621600
 6.450  -0.2788700
 6.460  -0.1688200
 6.470  -0.0363560
 6.480   0.0912680
 6.490   0.1886500
 6.500   0.2567600
 6.510   0.3088400
 6.520   0.3411000
 6.530   0.3407500
 6.540   0.3180900
 6.550   0.3026200
 6.560   0.3039000
 6.570   0.3007800
 6.580   0.2744900
 6.590   0.2294100
 6.600   0.1757800
 6.610   0.1156000
 6.620   0.0524950
 6.630  -0.0033334
 6.640  -0.0436010
 6.650  -0.0617030
 6.660  -0.0521170
 6.670  -0.0268650
 6.680  -0.0188930
 6.690  -0.0471910
 6.700  -0.0915710
 6.710  -0.1210400
 6.720  -0.1304100
 6.730  -0.1294200
 6.740  -0.1190300
 6.750  -0.0988860
 6.760  -0.0776840
 6.770  -0.0564410
 6.780  -0.0252820
 6.790   0.0094171
 6.800   0.0217730
 6.810   0.0078265
 6.820   0.0025594
 6.830   0.0358360
 6.840   0.0933730
 6.850   0.1371700
 6.860   0.1460200
 6.870   0.1245900
 6.880   0.0909190
 6.890   0.0653380
 6.900   0.0579800
 6.910   0.0589630
 6.920   0.0485170
 6.930   0.0200740
 6.940  -0.0117850
 6.950  -0.0249270
 6.960  -0.0065002
 6.970   0.0362730
 6.980   0.0769590
 6.990   0.0875040
 7.000   0.0610140
 7.010   0.0132350
 7.020  -0.0347380
 7.030  -0.0676100
 7.040  -0.0774170
 7.050  -0.0695340
 7.060  -0.0652910
 7.070  -0.0832780
 7.080  -0.1195300
 7.090  -0.1568900
 7.100  -0.1888300
 7.110  -0.2195700
 7.120  -0.2458600
 7.130  -0.2547500
 7.140  -0.2408500
 7.150  -0.2142800
 7.160  -0.1888500
 7.170  -0.1677800
 7.180  -0.1407600
 7.190  -0.0954080
 7.200  -0.0365190
 7.210   0.0085933
 7.220   0.0175280
 7.230   0.0039105
 7.240   0.0044852
 7.250   0.0283860
 7.260   0.0387520
 7.270   0.0010167
 7.280  -0.0657800
 7.290  -0.1095900
 7.300  -0.1098600
 7.310  -0.0921770
 7.320  -0.0787800
 7.330  -0.0565230
 7.340  -0.0099234
 7.350   0.0419680
 7.360   0.0670150
 7.370   0.0597780
 7.380   0.0379980
 7.390   0.0154370
 7.400   0.0005027
 7.410   0.0053313
 7.420   0.0338050
 7.430   0.0692000
 7.440   0.0904680
 7.450   0.0941810
 7.460   0.0888930
 7.470   0.0791770
 7.480   0.0642300
 7.490   0.0440590
 7.500   0.0198070
 7.510  -0.0040633
 7.520  -0.0188590
 7.530  -0.0194120
 7.540  -0.0083024
 7.550   0.0124830
 7.560   0.0419360
 7.570   0.0673680
 7.580   0.0699060
 7.590   0.0532590
 7.600   0.0453700
 7.610   0.0593540
 7.620   0.0753230
 7.630   0.0739230
 7.640   0.0644230
 7.650   0.0664210
 7.660   0.0835200
 7.670   0.1050100
 7.680   0.1157800
 7.690   0.1015600
 7.700   0.0635260
 7.710   0.0285360
 7.720   0.0204490
 7.730   0.0235890
 7.740   0.0011202
 7.750  -0.0532680
 7.760  -0.1112800
 7.770  -0.1551000
 7.780  -0.1941000
 7.790  -0.2361100
 7.800  -0.2704100
 7.810  -0.2846000
 7.820  -0.2746500
 7.830  -0.2371500
 7.840  -0.1715200
 7.850  -0.0923630
 7.860  -0.0217710
 7.870   0.0296430
 7.880   0.0623660
 7.890   0.0744140
 7.900   0.0633820
 7.910   0.0338540
 7.920  -0.0123770
 7.930  -0.0874060
 7.940  -0.1985300
 7.950  -0.3222900
 7.960  -0.4191400
 7.970  -0.4758400
 7.980  -0.5094100
 7.990  -0.5253200
 8.000  -0.4986900
 8.010  -0.4146500
 8.020  -0.3083200
 8.030  -0.2376600
 8.040  -0.2235600
 8.050  -0.2395700
 8.060  -0.2536200
 8.070  -0.2536800
 8.080  -0.2399900
 8.090  -0.2156200
 8.100  -0.1816900
 8.110  -0.1286900
 8.120  -0.0425350
 8.130   0.0720970
 8.140   0.1929100
 8.150   0.3127100
 8.160   0.4459200
 8.170   0.5930600
 8.180   0.7314900
 8.190   0.8515700
 8.200   0.9578200
 8.210   1.0207000
 8.220   0.9778500
 8.230   0.8141100
 8.240   0.5926500
 8.250   0.3804900
 8.260   0.1841300
 8.270  -0.0094837
 8.280  -0.1787300
 8.290  -0.2957900
 8.300  -0.3761200
 8.310  -0.4494500
 8.320  -0.4939200
 8.330  -0.4470200
 8.340  -0.2940200
 8.350  -0.1155700
 8.360  -0.0247810
 8.370  -0.0673500
 8.380  -0.1956400
 8.390  -0.3254400
 8.400  -0.4027400
 8.410  -0.4228400
 8.420  -0.4112300
 8.430  -0.4002600
 8.440  -0.4129100
 8.450  -0.4493600
 8.460  -0.4874600
 8.470  -0.4964300
 8.480  -0.4404900
 8.490  -0.2853100
 8.500  -0.0254700
 8.510   0.2920400
 8.520   0.6025000
 8.530   0.8660400
 8.540   1.0671000
 8.550   1.1947000
 8.560   1.2698000
 8.570   1.3362000
 8.580   1.3824000
 8.590   1.3337000
 8.600   1.1864000
 8.610   1.0513000
 8.620   0.9995300
 8.630   0.9895700
 8.640   1.0023000
 8.650   1.0714000
 8.660   1.1157000
 8.670   0.9691200
 8.680   0.6845000
 8.690   0.5490900
 8.700   0.6426600
 8.710   0.6753100
 8.720   0.4636000
 8.730   0.2540000
 8.740   0.3091400
 8.750   0.4674100
 8.760   0.3917700
 8.770   0.0389320
 8.780  -0.3734200
 8.790  -0.7107600
 8.800  -0.9948300
 8.810  -1.2350000
 8.820  -1.3831000
 8.830  -1.4306000
 8.840  -1.4161000
 8.850  -1.3593000
 8.860  -1.2554000
 8.870  -1.1100000
 8.880  -0.9479500
 8.890  -0.7987900
 8.900  -0.6786900
 8.910  -0.5774300
 8.920  -0.4831700
 8.930  -0.4128000
 8.940  -0.3894700
 8.950  -0.4024200
 8.960  -0.4251600
 8.970  -0.4534300
 8.980  -0.4916000
 8.990  -0.5206900
 9.000  -0.5125600
 9.010  -0.4576600
 9.020  -0.3618700
 9.030  -0.2287900
 9.040  -0.0557820
 9.050   0.1559400
 9.060   0.3849800
 9.070   0.5920000
 9.080   0.7579500
 9.090   0.8953700
 9.100   0.9986400
 9.110   1.0174000
 9.120   0.9309200
 9.130   0.8025100
 9.140   0.7022900
 9.150   0.5891400
 9.160   0.3808000
 9.170   0.0823630
 9.180  -0.2132400
 9.190  -0.4566900
 9.200  -0.6369900
 9.210  -0.7421400
 9.220  -0.7655700
 9.230  -0.7464300
 9.240  -0.7033500
 9.250  -0.5986900
 9.260  -0.4164800
 9.270  -0.2396700
 9.280  -0.1682300
 9.290  -0.1966200
 9.300  -0.2362100
 9.310  -0.2189500
 9.320  -0.1353700
 9.330  -0.0150730
 9.340   0.0922560
 9.350   0.1557400
 9.360   0.2041200
 9.370   0.2890800
 9.380   0.4086100
 9.390   0.5189800
 9.400   0.6107300
 9.410   0.7009200
 9.420   0.7575500
 9.430   0.7174500
 9.440   0.5884200
 9.450   0.4595600
 9.460   0.3934200
 9.470   0.3662000
 9.480   0.3196300
 9.490   0.2293100
 9.500   0.1268600
 9.510   0.0801070
 9.520   0.1255600
 9.530   0.2120500
 9.540   0.2552600
 9.550   0.2416600
 9.560   0.2117500
 9.570   0.1487200
 9.580   0.0085649
 9.590  -0.1406400
 9.600  -0.1513200
 9.610  -0.0218380
 9.620   0.0715130
 9.630   0.0081359
 9.640  -0.1386600
 9.650  -0.2557900
 9.660  -0.3496400
 9.670  -0.4811300
 9.680  -0.6387100
 9.690  -0.7599100
 9.700  -0.8231400
 9.710  -0.8489900
 9.720  -0.8561900
 9.730  -0.8592100
 9.740  -0.8749400
 9.750  -0.8958600
 9.760  -0.8836500
 9.770  -0.8112700
 9.780  -0.6973100
 9.790  -0.5830700
 9.800  -0.4856100
 9.810  -0.3879600
 9.820  -0.2735800
 9.830  -0.1575100
 9.840  -0.0753290
 9.850  -0.0429000
 9.860  -0.0355370
 9.870  -0.0116930
 9.880   0.0486560
 9.890   0.1349200
 9.900   0.2242000
 9.910   0.2913700
 9.920   0.3065000
 9.930   0.2517200
 9.940   0.1530500
 9.950   0.0723410
 9.960   0.0492280
 9.970   0.0653540
 9.980   0.0761180
 9.990   0.0608330
10.000   0.0299130
10.010  -0.0022026
10.020  -0.0373360
10.030  -0.0889460
10.040  -0.1592400
10.050  -0.2176700
10.060  -0.2156100
10.070  -0.1390800
10.080  -0.0338750
10.090   0.0424780
10.100   0.0829980
10.110   0.1224400
10.120   0.1834700
10.130   0.2542600
10.140   0.3112300
10.150   0.3396400
10.160   0.3386900
10.170   0.3240900
10.180   0.3255900
10.190   0.3647900
10.200   0.4340400
10.210   0.5056900
10.220   0.5607500
10.230   0.5973100
10.240   0.6164700
10.250   0.6163400
10.260   0.6032500
10.270   0.5889100
10.280   0.5657600
10.290   0.5038200
10.300   0.3860500
10.310   0.2365200
10.320   0.0970430
10.330  -0.0098064
10.340  -0.0868340
10.350  -0.1450200
10.360  -0.2016700
10.370  -0.2768200
10.380  -0.3731200
10.390  -0.4643500
10.400  -0.5160300
10.410  -0.5086400
10.420  -0.4435200
10.430  -0.3429100
10.440  -0.2447400
10.450  -0.1776900
10.460  -0.1360600
10.470  -0.0901870
10.480  -0.0181160
10.490   0.0802200
10.500   0.1910900
10.510   0.2926200
10.520   0.3622000
10.530   0.3914400
10.540   0.3913300
10.550   0.3738400
10.560   0.3378600
10.570   0.2820900
10.580   0.2215800
10.590   0.1806600
10.600   0.1733400
10.610   0.1942300
10.620   0.2191200
10.630   0.2129100
10.640   0.1492400
10.650   0.0339550
10.660  -0.0960890
10.670  -0.2031200
10.680  -0.2778200
10.690  -0.3335600
10.700  -0.3788900
10.710  -0.4062900
10.720  -0.4098400
10.730  -0.3996500
10.740  -0.3918400
10.750  -0.3914800
10.760  -0.3933800
10.770  -0.3946900
10.780  -0.3980000
10.790  -0.4025000
10.800  -0.3994800
10.810  -0.3786200
10.820  -0.3375800
10.830  -0.2848000
10.840  -0.2328500
10.850  -0.1855800
10.860  -0.1339000
10.870  -0.0677700
10.880   0.0095878
10.890   0.0840930
10.900   0.1441500
10.910   0.1872800
10.920   0.2162800
10.930   0.2334600
10.940   0.2371700
10.950   0.2238000
10.960   0.1974500
10.970   0.1763100
10.980   0.1807900
10.990   0.2133700
11.000   0.2554600
11.010   0.2828700
11.020   0.2776900
11.030   0.2328000
11.040   0.1601000
11.050   0.0904080
11.060   0.0474130
11.070   0.0230280
11.080  -0.0064722
11.090  -0.0440550
11.100  -0.0697820
11.110  -0.0742740
11.120  -0.0746610
11.130  -0.0903290
11.140  -0.1169500
11.150  -0.1355600
11.160  -0.1388500
11.170  -0.1363100
11.180  -0.1330600
11.190  -0.1162700
11.200  -0.0711920
11.210  -0.0063166
11.220   0.0513780
11.230   0.0860010
11.240   0.1077300
11.250   0.1353100
11.260   0.1734200
11.270   0.2090100
11.280   0.2229000
11.290   0.2057900
11.300   0.1707900
11.310   0.1484700
11.320   0.1594400
11.330   0.1957500
11.340   0.2341200
11.350   0.2604700
11.360   0.2732600
11.370   0.2733000
11.380   0.2602300
11.390   0.2334600
11.400   0.1891800
11.410   0.1234700
11.420   0.0429230
11.430  -0.0361560
11.440  -0.1047900
11.450  -0.1691800
11.460  -0.2390300
11.470  -0.3140900
11.480  -0.3830100
11.490  -0.4285700
11.500  -0.4372300
11.510  -0.4105000
11.520  -0.3656100
11.530  -0.3208700
11.540  -0.2838900
11.550  -0.2541200
11.560  -0.2274000
11.570  -0.1973700
11.580  -0.1634000
11.590  -0.1384800
11.600  -0.1337300
11.610  -0.1326300
11.620  -0.0988270
11.630  -0.0165840
11.640   0.0899490
11.650   0.1845500
11.660   0.2514100
11.670   0.2961400
11.680   0.3278800
11.690   0.3523400
11.700   0.3704400
11.710   0.3759400
11.720   0.3588700
11.730   0.3180000
11.740   0.2634900
11.750   0.2060700
11.760   0.1500900
11.770   0.0999510
11.780   0.0631980
11.790   0.0402090
11.800   0.0172330
11.810  -0.0190050
11.820  -0.0629560
11.830  -0.0944250
11.840  -0.1018800
11.850  -0.0933310
11.860  -0.0835540
11.870  -0.0776860
11.880  -0.0726590
11.890  -0.0673870
11.900  -0.0635160
11.910  -0.0595690
11.920  -0.0531440
11.930  -0.0490680
11.940  -0.0584640
11.950  -0.0867080
11.960  -0.1266400
11.970  -0.1658400
11.980  -0.1959900
11.990  -0.2121700
12.000  -0.2099900
12.010  -0.1892800
12.020  -0.1589500
12.030  -0.1311800
12.040  -0.1118500
12.050  -0.0998150
12.060  -0.0949740
12.070  -0.0986750
12.080  -0.1067000
12.090  -0.1086900
12.100  -0.0999550
12.110  -0.0880450
12.120  -0.0829810
12.130  -0.0823770
12.140  -0.0730250
12.150  -0.0464610
12.160  -0.0080111
12.170   0.0315170
12.180   0.0668560
12.190   0.0973260
12.200   0.1193500
12.210   0.1276600
12.220   0.1249500
12.230   0.1244300
12.240   0.1391700
12.250   0.1682000
12.260   0.1957800
12.270   0.2047500
12.280   0.1898700
12.290   0.1546500
12.300   0.1004000
12.310   0.0281390
12.320  -0.0464840
12.330  -0.0944030
12.340  -0.0983960
12.350  -0.0712600
12.360  -0.0405410
12.370  -0.0208860
12.380  -0.0083621
12.390   0.0044989
12.400   0.0190950
12.410   0.0336530
12.420   0.0485250
12.430   0.0675800
12.440   0.0959180
12.450   0.1324200
12.460   0.1654400
12.470   0.1806300
12.480   0.1747500
12.490   0.1581400
12.500   0.1453300
12.510   0.1457100
12.520   0.1580000
12.530   0.1700400
12.540   0.1708200
12.550   0.1661400
12.560   0.1722100
12.570   0.1888800
12.580   0.1933100
12.590   0.1691700
12.600   0.1286900
12.610   0.0931010
12.620   0.0629710
12.630   0.0218670
12.640  -0.0381610
12.650  -0.1070800
12.660  -0.1671100
12.670  -0.2038200
12.680  -0.2121300
12.690  -0.2003800
12.700  -0.1847500
12.710  -0.1754700
12.720  -0.1711100
12.730  -0.1671800
12.740  -0.1625000
12.750  -0.1555400
12.760  -0.1403600
12.770  -0.1094900
12.780  -0.0582840
12.790   0.0103930
12.800   0.0824250
12.810   0.1364800
12.820   0.1583900
12.830   0.1495700
12.840   0.1197900
12.850   0.0778440
12.860   0.0342080
12.870   0.0029415
12.880  -0.0090377
12.890  -0.0107400
12.900  -0.0183320
12.910  -0.0410160
12.920  -0.0776880
12.930  -0.1201700
12.940  -0.1551900
12.950  -0.1704100
12.960  -0.1647800
12.970  -0.1506000
12.980  -0.1422400
12.990  -0.1440100
13.000  -0.1466400
13.010  -0.1326200
13.020  -0.0893720
13.030  -0.0236140
13.040   0.0416790
13.050   0.0873450
13.060   0.1112600
13.070   0.1197500
13.080   0.1178800
13.090   0.1117600
13.100   0.1101300
13.110   0.1136100
13.120   0.1107100
13.130   0.0924310
13.140   0.0653360
13.150   0.0429680
13.160   0.0294230
13.170   0.0184870
13.180   0.0053014
13.190  -0.0078712
13.200  -0.0175590
13.210  -0.0254420
13.220  -0.0345200
13.230  -0.0414050
13.240  -0.0380680
13.250  -0.0237330
13.260  -0.0089167
13.270  -0.0032312
13.280  -0.0023966
13.290   0.0052727
13.300   0.0209210
13.310   0.0321850
13.320   0.0309410
13.330   0.0248560
13.340   0.0243580
13.350   0.0247910
13.360   0.0130480
13.370  -0.0107520
13.380  -0.0304660
13.390  -0.0350880
13.400  -0.0312450
13.410  -0.0304860
13.420  -0.0341920
13.430  -0.0372250
13.440  -0.0375010
13.450  -0.0356710
13.460  -0.0324150
13.470  -0.0303810
13.480  -0.0323890
13.490  -0.0360310
13.500  -0.0367320
13.510  -0.0361620
13.520  -0.0404360
13.530  -0.0508270
13.540  -0.0642530
13.550  -0.0804850
13.560  -0.1002200
13.570  -0.1165700
13.580  -0.1177200
13.590  -0.0987520
13.600  -0.0665950
13.610  -0.0343430
13.620  -0.0122940
13.630  -0.0012259
13.640   0.0084130
13.650   0.0250360
13.660   0.0446890
13.670   0.0560110
13.680   0.0558330
13.690   0.0520510
13.700   0.0525230
13.710   0.0581820
13.720   0.0665580
13.730   0.0749680
13.740   0.0801240
13.750   0.0805200
13.760   0.0795280
13.770   0.0802690
13.780   0.0781900
13.790   0.0638240
13.800   0.0337520
13.810  -0.0050253
13.820  -0.0409790
13.830  -0.0659310
13.840  -0.0778760
13.850  -0.0780620
13.860  -0.0668210
13.870  -0.0432460
13.880  -0.0101680
13.890   0.0218840
13.900   0.0396980
13.910   0.0389180
13.920   0.0266560
13.930   0.0094558
13.940  -0.0163990
13.950  -0.0561200
13.960  -0.1014900
13.970  -0.1326100
13.980  -0.1362500
13.990  -0.1177400
14.000  -0.0945850
14.010  -0.0819120
14.020  -0.0834850
14.030  -0.0918750
14.040  -0.0951510
14.050  -0.0863370
14.060  -0.0686370
14.070  -0.0524250
14.080  -0.0458120
14.090  -0.0479850
14.100  -0.0500010
14.110  -0.0417080
14.120  -0.0182580
14.130   0.0179080
14.140   0.0581180
14.150   0.0911610
14.160   0.1102000
14.170   0.1190600
14.180   0.1256600
14.190   0.1286800
14.200   0.1188400
14.210   0.0972480
14.220   0.0804710
14.230   0.0792200
14.240   0.0828590
14.250   0.0750680
14.260   0.0556640
14.270   0.0361550
14.280   0.0213170
14.290   0.0078865
14.300  -0.0054393
14.310  -0.0169280
14.320  -0.0270870
14.330  -0.0350900
14.340  -0.0345340
14.350  -0.0212800
14.360  -0.0031297
14.370   0.0051457
14.380  -0.0028835
14.390  -0.0187660
14.400  -0.0266290
14.410  -0.0163910
14.420   0.0084012
14.430   0.0336380
14.440   0.0468230
14.450   0.0457490
14.460   0.0357660
14.470   0.0233570
14.480   0.0147310
14.490   0.0153840
14.500   0.0251230
14.510   0.0366030
14.520   0.0423080
14.530   0.0423830
14.540   0.0409460
14.550   0.0383360
14.560   0.0311510
14.570   0.0203500
14.580   0.0131590
14.590   0.0165980
14.600   0.0311410
14.610   0.0524270
14.620   0.0759230
14.630   0.0979500
14.640   0.1127700
14.650   0.1129400
14.660   0.0957880
14.670   0.0687700
14.680   0.0447200
14.690   0.0310090
14.700   0.0253480
14.710   0.0227010
14.720   0.0220950
14.730   0.0250810
14.740   0.0306080
14.750   0.0356770
14.760   0.0389740
14.770   0.0416240
14.780   0.0446870
14.790   0.0475540
14.800   0.0471110
14.810   0.0391040
14.820   0.0211340
14.830  -0.0043482
14.840  -0.0319060
14.850  -0.0568830
14.860  -0.0785590
14.870  -0.0993640
14.880  -0.1223800
14.890  -0.1456800
14.900  -0.1617100
14.910  -0.1653100
14.920  -0.1630800
14.930  -0.1673900
14.940  -0.1820400
14.950  -0.1982900
14.960  -0.2052300
14.970  -0.1980900
14.980  -0.1779700
14.990  -0.1506500
15.000  -0.1254200
15.010  -0.1078900
15.020  -0.0925040
15.030  -0.0683940
15.040  -0.0330500
15.050   0.0043441
15.060   0.0324320
15.070   0.0447290
15.080   0.0390940
15.090   0.0172030
15.100  -0.0128960
15.110  -0.0385820
15.120  -0.0490120
15.130  -0.0415410
15.140  -0.0229540
15.150  -0.0064888
15.160  -0.0020942
15.170  -0.0073446
15.180  -0.0092834
15.190  -0.0001405
15.200   0.0135060
15.210   0.0193930
15.220   0.0139870
15.230   0.0025534
15.240  -0.0099797
15.250  -0.0212890
15.260  -0.0270120
15.270  -0.0221480
15.280  -0.0083094
15.290   0.0061036
15.300   0.0134030
15.310   0.0120220
15.320   0.0063611
15.330   0.0058737
15.340   0.0205480
15.350   0.0509230
15.360   0.0828610
15.370   0.1000300
15.380   0.1016100
15.390   0.1013000
15.400   0.1083400
15.410   0.1186900
15.420   0.1254500
15.430   0.1277600
15.440   0.1249300
15.450   0.1115900
15.460   0.0853270
15.470   0.0539580
15.480   0.0293540
15.490   0.0178660
15.500   0.0192110
15.510   0.0289480
15.520   0.0386900
15.530   0.0403700
15.540   0.0338570
15.550   0.0255090
15.560   0.0190500
15.570   0.0130330
15.580   0.0058395
15.590  -0.0038416
15.600  -0.0197990
15.610  -0.0441720
15.620  -0.0705840
15.630  -0.0877160
15.640  -0.0899840
15.650  -0.0818850
15.660  -0.0725120
15.670  -0.0679090
15.680  -0.0655870
15.690  -0.0565760
15.700  -0.0367750
15.710  -0.0155860
15.720  -0.0077939
15.730  -0.0171670
15.740  -0.0345670
15.750  -0.0501890
15.760  -0.0611690
15.770  -0.0677040
15.780  -0.0692190
15.790  -0.0652300
15.800  -0.0569840
15.810  -0.0477040
15.820  -0.0415270
15.830  -0.0395550
15.840  -0.0370000
15.850  -0.0281140
15.860  -0.0128260
15.870   0.0060939
15.880   0.0300260
15.890   0.0611500
15.900   0.0939820
15.910   0.1180700
15.920   0.1290700
15.930   0.1316000
15.940   0.1307800
15.950   0.1270700
15.960   0.1190800
15.970   0.1078700
15.980   0.0972960
15.990   0.0922910
16.000   0.0944390
16.010   0.0978020
16.020   0.0930530
16.030   0.0773250
16.040   0.0552500
16.050   0.0308340
16.060   0.0052428
16.070  -0.0164650
16.080  -0.0250170
16.090  -0.0178570
16.100  -0.0054503
16.110  -0.0011005
16.120  -0.0078111
16.130  -0.0180090
16.140  -0.0218100
16.150  -0.0128480
16.160   0.0082124
16.170   0.0327760
16.180   0.0489140
16.190   0.0500630
16.200   0.0386450
16.210   0.0231050
16.220   0.0128650
16.230   0.0145810
16.240   0.0275590
16.250   0.0426640
16.260   0.0495630
16.270   0.0458950
16.280   0.0371200
16.290   0.0280520
16.300   0.0192430
16.310   0.0106860
16.320   0.0049215
16.330   0.0034994
16.340   0.0032909
16.350  -0.0021153
16.360  -0.0168490
16.370  -0.0392220
16.380  -0.0635180
16.390  -0.0843810
16.400  -0.0990990
16.410  -0.1064500
16.420  -0.1061500
16.430  -0.1014500
16.440  -0.0998950
16.450  -0.1071500
16.460  -0.1195100
16.470  -0.1267700
16.480  -0.1236300
16.490  -0.1145900
16.500  -0.1056300
16.510  -0.0941690
16.520  -0.0713370
16.530  -0.0341560
16.540   0.0070937
16.550   0.0359070
16.560   0.0438680
16.570   0.0376830
16.580   0.0313210
16.590   0.0335480
16.600   0.0419120
16.610   0.0476990
16.620   0.0434460
16.630   0.0291910
16.640   0.0134980
16.650   0.0076451
16.660   0.0151910
16.670   0.0290690
16.680   0.0406420
16.690   0.0482680
16.700   0.0541220
16.710   0.0575640
16.720   0.0559450
16.730   0.0497190
16.740   0.0423390
16.750   0.0383760
16.760   0.0416200
16.770   0.0532950
16.780   0.0695590
16.790   0.0860320
16.800   0.1034200
16.810   0.1256600
16.820   0.1517900
16.830   0.1754000
16.840   0.1891700
16.850   0.1850000
16.860   0.1552000
16.870   0.1031400
16.880   0.0489160
16.890   0.0130800
16.900  -0.0036343
16.910  -0.0169700
16.920  -0.0378200
16.930  -0.0633740
16.940  -0.0864490
16.950  -0.1034900
16.960  -0.1119800
16.970  -0.1090700
16.980  -0.0961790
16.990  -0.0810410
17.000  -0.0719630
17.010  -0.0701240
17.020  -0.0690010
17.030  -0.0626820
17.040  -0.0546520
17.050  -0.0540800
17.060  -0.0628820
17.070  -0.0718880
17.080  -0.0731260
17.090  -0.0696200
17.100  -0.0688720
17.110  -0.0716270
17.120  -0.0724970
17.130  -0.0686390
17.140  -0.0634330
17.150  -0.0620680
17.160  -0.0655230
17.170  -0.0690380
17.180  -0.0676670
17.190  -0.0641630
17.200  -0.0672310
17.210  -0.0798620
17.220  -0.0949650
17.230  -0.1060300
17.240  -0.1150100
17.250  -0.1244500
17.260  -0.1292300
17.270  -0.1230300
17.280  -0.1074100
17.290  -0.0879530
17.300  -0.0657170
17.310  -0.0391140
17.320  -0.0102510
17.330   0.0167080
17.340   0.0420630
17.350   0.0694630
17.360   0.0991720
17.370   0.1253400
17.380   0.1408600
17.390   0.1431000
17.400   0.1361200
17.410   0.1271900
17.420   0.1217400
17.430   0.1206300
17.440   0.1204500
17.450   0.1156300
17.460   0.1030300
17.470   0.0863950
17.480   0.0736860
17.490   0.0689460
17.500   0.0685440
17.510   0.0663750
17.520   0.0587610
17.530   0.0429350
17.540   0.0160440
17.550  -0.0193730
17.560  -0.0526750
17.570  -0.0725500
17.580  -0.0760830
17.590  -0.0693940
17.600  -0.0615070
17.610  -0.0584420
17.620  -0.0602460
17.630  -0.0618130
17.640  -0.0566410
17.650  -0.0411860
17.660  -0.0164820
17.670   0.0121690
17.680   0.0379130
17.690   0.0569040
17.700   0.0710470
17.710   0.0842370
17.720   0.0959790
17.730   0.1009300
17.740   0.0946830
17.750   0.0782270
17.760   0.0567920
17.770   0.0361220
17.780   0.0197310
17.790   0.0080405
17.800   0.0000144
17.810  -0.0057056
17.820  -0.0103780
17.830  -0.0153170
17.840  -0.0205820
17.850  -0.0249950
17.860  -0.0278020
17.870  -0.0305400
17.880  -0.0358630
17.890  -0.0453720
17.900  -0.0583310
17.910  -0.0719880
17.920  -0.0828800
17.930  -0.0882930
17.940  -0.0871620
17.950  -0.0809770
17.960  -0.0735100
17.970  -0.0674920
17.980  -0.0615920
17.990  -0.0526510
18.000  -0.0405820
18.010  -0.0285620
18.020  -0.0186780
18.030  -0.0111790
18.040  -0.0076019
18.050  -0.0090449
18.060  -0.0115650
18.070  -0.0085169
18.080   0.0012852
18.090   0.0123930
18.100   0.0198230
18.110   0.0234850
18.120   0.0251420
18.130   0.0249480
18.140   0.0233020
18.150   0.0221360
18.160   0.0232230
18.170   0.0252490
18.180   0.0249290
18.190   0.0208710
18.200   0.0170670
18.210   0.0196790
18.220   0.0300350
18.230   0.0409980
18.240   0.0429430
18.250   0.0335950
18.260   0.0215340
18.270   0.0179720
18.280   0.0267470
18.290   0.0422390
18.300   0.0559840
18.310   0.0619940
18.320   0.0587710
18.330   0.0491520
18.340   0.0393560
18.350   0.0332730
18.360   0.0282410
18.370   0.0184650
18.380   0.0033791
18.390  -0.0119150
18.400  -0.0236140
18.410  -0.0329130
18.420  -0.0415970
18.430  -0.0486170
18.440  -0.0512930
18.450  -0.0481580
18.460  -0.0399820
18.470  -0.0301020
18.480  -0.0228780
18.490  -0.0195700
18.500  -0.0154970
18.510  -0.0041146
18.520   0.0151670
18.530   0.0346880
18.540   0.0451410
18.550   0.0437700
18.560   0.0357460
18.570   0.0284660
18.580   0.0262130
18.590   0.0285660
18.600   0.0316100
18.610   0.0308640
18.620   0.0253910
18.630   0.0175610
18.640   0.0089057
18.650  -0.0014107
18.660  -0.0124900
18.670  -0.0211010
18.680  -0.0275110
18.690  -0.0369200
18.700  -0.0513970
18.710  -0.0655760
18.720  -0.0745160
18.730  -0.0805110
18.740  -0.0875960
18.750  -0.0946210
18.760  -0.0981980
18.770  -0.0980510
18.780  -0.0949240
18.790  -0.0873240
18.800  -0.0737490
18.810  -0.0549510
18.820  -0.0325870
18.830  -0.0096355
18.840   0.0076743
18.850   0.0143360
18.860   0.0136540
18.870   0.0143520
18.880   0.0203370
18.890   0.0280940
18.900   0.0334370
18.910   0.0354130
18.920   0.0345520
18.930   0.0325970
18.940   0.0336700
18.950   0.0408230
18.960   0.0519260
18.970   0.0620290
18.980   0.0681450
18.990   0.0684420
19.000   0.0610150
19.010   0.0475470
19.020   0.0347370
19.030   0.0271490
19.040   0.0212010
19.050   0.0105800
19.060  -0.0040665
19.070  -0.0150900
19.080  -0.0166410
19.090  -0.0107220
19.100  -0.0039967
19.110  -0.0019929
19.120  -0.0056311
19.130  -0.0117970
19.140  -0.0155900
19.150  -0.0140650
19.160  -0.0079802
19.170   0.0000641
19.180   0.0090018
19.190   0.0191550
19.200   0.0287520
19.210   0.0336600
19.220   0.0324380
19.230   0.0291200
19.240   0.0286200
19.250   0.0316060
19.260   0.0355280
19.270   0.0383020
19.280   0.0386970
19.290   0.0352590
19.300   0.0274460
19.310   0.0170690
19.320   0.0065173
19.330  -0.0035556
19.340  -0.0133130
19.350  -0.0217660
19.360  -0.0278800
19.370  -0.0324220
19.380  -0.0371990
19.390  -0.0426350
19.400  -0.0479080
19.410  -0.0522860
19.420  -0.0553870
19.430  -0.0556910
19.440  -0.0511930
19.450  -0.0415940
19.460  -0.0298830
19.470  -0.0207400
19.480  -0.0173180
19.490  -0.0179970
19.500  -0.0171440
19.510  -0.0106080
19.520   0.0002424
19.530   0.0115130
19.540   0.0219140
19.550   0.0311980
19.560   0.0361860
19.570   0.0341030
19.580   0.0288590
19.590   0.0280530
19.600   0.0336410
19.610   0.0417310
19.620   0.0497910
19.630   0.0578930
19.640   0.0622300
19.650   0.0557900
19.660   0.0377890
19.670   0.0174710
19.680   0.0050069
19.690   0.0013846
19.700  -0.0010254
19.710  -0.0091115
19.720  -0.0217100
19.730  -0.0318030
19.740  -0.0345690
19.750  -0.0315890
19.760  -0.0270570
19.770  -0.0232240
19.780  -0.0205700
19.790  -0.0197240
19.800  -0.0196930
19.810  -0.0170970
19.820  -0.0103750
19.830  -0.0030925
19.840   0.0001910
19.850  -0.0007435
19.860  -0.0032460
19.870  -0.0062985
19.880  -0.0104120
19.890  -0.0145140
19.900  -0.0165600
19.910  -0.0171030
19.920  -0.0197870
19.930  -0.0274920
19.940  -0.0388430
19.950  -0.0487960
19.960  -0.0524590
19.970  -0.0478820
19.980  -0.0361590
19.990  -0.0207040
20.000  -0.0073880
20.010  -0.0019237
20.020  -0.0046693
20.030  -0.0085796
20.040  -0.0058048
20.050   0.0037363
20.060   0.0128550
20.070   0.0157850
20.080   0.0140160
20.090   0.0129730
20.100   0.0155230
20.110   0.0194300
20.120   0.0214050
20.130   0.0210220
20.140   0.0189280
20.150   0.0130920
20.160   0.0016641
20.170  -0.0115030
20.180  -0.0198140
20.190  -0.0230340
20.200  -0.0270330
20.210  -0.0334840
20.220  -0.0366740
20.230  -0.0328260
20.240  -0.0251620
20.250  -0.0176430
20.260  -0.0093497
20.270   0.0016351
20.280   0.0144120
20.290   0.0277200
20.300   0.0424850
20.310   0.0589510
20.320   0.0738880
20.330   0.0818960
20.340   0.0784110
20.350   0.0628470
20.360   0.0403430
20.370   0.0188910
20.380   0.0027984
20.390  -0.0099025
20.400  -0.0227240
20.410  -0.0353980
20.420  -0.0448550
20.430  -0.0493550
20.440  -0.0490840
20.450  -0.0451040
20.460  -0.0392900
20.470  -0.0334370
20.480  -0.0262000
20.490  -0.0140590
20.500   0.0033400
20.510   0.0207740
20.520   0.0327790
20.530   0.0386590
20.540   0.0399470
20.550   0.0369540
20.560   0.0313410
20.570   0.0283440
20.580   0.0306030
20.590   0.0330580
20.600   0.0291840
20.610   0.0203920
20.620   0.0141450
20.630   0.0136720
20.640   0.0152020
20.650   0.0151380
20.660   0.0154810
20.670   0.0195730
20.680   0.0261520
20.690   0.0298570
20.700   0.0263830
20.710   0.0150630
20.720  -0.0023146
20.730  -0.0227530
20.740  -0.0418150
20.750  -0.0547020
20.760  -0.0590500
20.770  -0.0558300
20.780  -0.0467780
20.790  -0.0325650
20.800  -0.0147600
20.810   0.0029181
20.820   0.0173320
20.830   0.0283260
20.840   0.0358580
20.850   0.0375430
20.860   0.0318330
20.870   0.0225090
20.880   0.0162700
20.890   0.0152010
20.900   0.0145150
20.910   0.0089129
20.920  -0.0008822
20.930  -0.0095715
20.940  -0.0138570
20.950  -0.0150120
20.960  -0.0144130
20.970  -0.0094723
20.980   0.0026943
20.990   0.0187850
21.000   0.0310770
21.010   0.0350140
21.020   0.0324680
21.030   0.0268970
21.040   0.0197920
21.050   0.0117100
21.060   0.0039817
21.070  -0.0025347
21.080  -0.0081698
21.090  -0.0130250
21.100  -0.0157450
21.110  -0.0143180
21.120  -0.0081835
21.130  -0.0000099
21.140   0.0058195
21.150   0.0075734
21.160   0.0076088
21.170   0.0073506
21.180   0.0042567
21.190  -0.0033163
21.200  -0.0113740
21.210  -0.0148130
21.220  -0.0135290
21.230  -0.0107360
21.240  -0.0078847
21.250  -0.0052934
21.260  -0.0047501
21.270  -0.0073487
21.280  -0.0106490
21.290  -0.0114210
21.300  -0.0098363
21.310  -0.0082397
21.320  -0.0076944
21.330  -0.0075268
21.340  -0.0072219
21.350  -0.0070872
21.360  -0.0079920
21.370  -0.0110160
21.380  -0.0165850
21.390  -0.0236690
21.400  -0.0308560
21.410  -0.0378950
21.420  -0.0449390
21.430  -0.0507950
21.440  -0.0531050
21.450  -0.0502880
21.460  -0.0422160
21.470  -0.0295930
21.480  -0.0131590
21.490   0.0059732
21.500   0.0260850
21.510   0.0447900
21.520   0.0591050
21.530   0.0662220
21.540   0.0662740
21.550   0.0627640
21.560   0.0585100
21.570   0.0526180
21.580   0.0449010
21.590   0.0403980
21.600   0.0443180
21.610   0.0531800
21.620   0.0569610
21.630   0.0512220
21.640   0.0411280
21.650   0.0328130
21.660   0.0260490
21.670   0.0186130
21.680   0.0108560
21.690   0.0036832
21.700  -0.0044790
21.710  -0.0146240
21.720  -0.0254020
21.730  -0.0352680
21.740  -0.0446040
21.750  -0.0531200
21.760  -0.0577950
21.770  -0.0547750
21.780  -0.0439690
21.790  -0.0299460
21.800  -0.0178790
21.810  -0.0086109
21.820   0.0003266
21.830   0.0093679
21.840   0.0153170
21.850   0.0151730
21.860   0.0087124
21.870  -0.0033666
21.880  -0.0194460
21.890  -0.0348910
21.900  -0.0440220
21.910  -0.0461700
21.920  -0.0452790
21.930  -0.0438620
21.940  -0.0415450
21.950  -0.0385440
21.960  -0.0356200
21.970  -0.0318280
21.980  -0.0262470
21.990  -0.0199780
22.000  -0.0144440
22.010  -0.0096778
22.020  -0.0065513
22.030  -0.0064709
22.040  -0.0077929
22.050  -0.0065839
22.060  -0.0026662
22.070  -0.0000917
22.080  -0.0011400
22.090  -0.0045488
22.100  -0.0083919
22.110  -0.0109690
22.120  -0.0103900
22.130  -0.0075427
22.140  -0.0059949
22.150  -0.0063636
22.160  -0.0046072
22.170   0.0012839
22.180   0.0086127
22.190   0.0158970
22.200   0.0247190
22.210   0.0339390
22.220   0.0388580
22.230   0.0383770
22.240   0.0364130
22.250   0.0358130
22.260   0.0359550
22.270   0.0362650
22.280   0.0360950
22.290   0.0330400
22.300   0.0264330
22.310   0.0197310
22.320   0.0149950
22.330   0.0091073
22.340   0.0002609
22.350  -0.0074607
22.360  -0.0105230
22.370  -0.0117490
22.380  -0.0145740
22.390  -0.0174090
22.400  -0.0180040
22.410  -0.0173180
22.420  -0.0152160
22.430  -0.0088441
22.440   0.0012762
22.450   0.0100050
22.460   0.0154710
22.470   0.0215050
22.480   0.0298370
22.490   0.0365240
22.500   0.0386920
22.510   0.0385290
22.520   0.0379100
22.530   0.0350020
22.540   0.0284370
22.550   0.0202810
22.560   0.0122750
22.570   0.0037103
22.580  -0.0060086
22.590  -0.0160160
22.600  -0.0262050
22.610  -0.0380050
22.620  -0.0528010
22.630  -0.0698690
22.640  -0.0850640
22.650  -0.0921570
22.660  -0.0881190
22.670  -0.0769950
22.680  -0.0656100
22.690  -0.0562670
22.700  -0.0461050
22.710  -0.0333060
22.720  -0.0187750
22.730  -0.0038811
22.740   0.0109580
22.750   0.0242670
22.760   0.0349770
22.770   0.0434010
22.780   0.0502220
22.790   0.0544220
22.800   0.0550550
22.810   0.0527860
22.820   0.0488840
22.830   0.0432330
22.840   0.0349510
22.850   0.0244570
22.860   0.0140290
22.870   0.0064687
22.880   0.0030118
22.890   0.0024887
22.900   0.0028713
22.910   0.0031379
22.920   0.0025745
22.930  -0.0000638
22.940  -0.0044308
22.950  -0.0069902
22.960  -0.0038428
22.970   0.0045393
22.980   0.0133890
22.990   0.0181560
23.000   0.0184910
23.010   0.0166790
23.020   0.0137570
23.030   0.0078837
23.040  -0.0024403
23.050  -0.0138600
23.060  -0.0197610
23.070  -0.0172540
23.080  -0.0116100
23.090  -0.0098731
23.100  -0.0125730
23.110  -0.0131690
23.120  -0.0073017
23.130   0.0017132
23.140   0.0075170
23.150   0.0087869
23.160   0.0092097
23.170   0.0109550
23.180   0.0123040
23.190   0.0118080
23.200   0.0105570
23.210   0.0085126
23.220   0.0037214
23.230  -0.0036853
23.240  -0.0102920
23.250  -0.0145490
23.260  -0.0188430
23.270  -0.0253360
23.280  -0.0319630
23.290  -0.0357650
23.300  -0.0369560
23.310  -0.0381450
23.320  -0.0405170
23.330  -0.0427060
23.340  -0.0419690
23.350  -0.0364980
23.360  -0.0272800
23.370  -0.0168190
23.380  -0.0062867
23.390   0.0051826
23.400   0.0176450
23.410   0.0300390
23.420   0.0419900
23.430   0.0541420
23.440   0.0651480
23.450   0.0719300
23.460   0.0733330
23.470   0.0723890
23.480   0.0727850
23.490   0.0750420
23.500   0.0763040
23.510   0.0727220
23.520   0.0617940
23.530   0.0438070
23.540   0.0225250
23.550   0.0033501
23.560  -0.0093280
23.570  -0.0149080
23.580  -0.0169450
23.590  -0.0209830
23.600  -0.0299050
23.610  -0.0408730
23.620  -0.0485690
23.630  -0.0506510
23.640  -0.0486590
23.650  -0.0436700
23.660  -0.0353510
23.670  -0.0256050
23.680  -0.0188860
23.690  -0.0166420
23.700  -0.0150160
23.710  -0.0106280
23.720  -0.0043264
23.730   0.0022641
23.740   0.0100060
23.750   0.0190890
23.760   0.0264950
23.770   0.0297420
23.780   0.0302650
23.790   0.0303780
23.800   0.0295110
23.810   0.0265410
23.820   0.0235170
23.830   0.0233810
23.840   0.0254030
23.850   0.0253140
23.860   0.0201290
23.870   0.0107360
23.880   0.0010392
23.890  -0.0054889
23.900  -0.0081144
23.910  -0.0090181
23.920  -0.0105060
23.930  -0.0132860
23.940  -0.0171660
23.950  -0.0230100
23.960  -0.0313170
23.970  -0.0402760
23.980  -0.0473720
23.990  -0.0529100
24.000  -0.0578910
24.010  -0.0601660
24.020  -0.0566990
24.030  -0.0496230
24.040  -0.0441410
24.050  -0.0404670
24.060  -0.0335670
24.070  -0.0219690
24.080  -0.0106080
24.090  -0.0029549
24.100   0.0034774
24.110   0.0112910
24.120   0.0176410
24.130   0.0178580
24.140   0.0116460
24.150   0.0033468
24.160  -0.0024322
24.170  -0.0047425
24.180  -0.0068567
24.190  -0.0124400
24.200  -0.0204950
24.210  -0.0259900
24.220  -0.0256140
24.230  -0.0208030
24.240  -0.0146660
24.250  -0.0093192
24.260  -0.0058602
24.270  -0.0042680
24.280  -0.0022913
24.290   0.0015318
24.300   0.0045530
24.310   0.0024072
24.320  -0.0044994
24.330  -0.0107740
24.340  -0.0118970
24.350  -0.0083600
24.360  -0.0038680
24.370  -0.0020021
24.380  -0.0041107
24.390  -0.0085133
24.400  -0.0115410
24.410  -0.0107040
24.420  -0.0070825
24.430  -0.0040889
24.440  -0.0037405
24.450  -0.0045238
24.460  -0.0035542
24.470  -0.0000452
24.480   0.0034184
24.490   0.0039774
24.500   0.0014480
24.510  -0.0012614
24.520  -0.0011891
24.530   0.0024270
24.540   0.0081364
24.550   0.0143450
24.560   0.0208390
24.570   0.0277700
24.580   0.0343970
24.590   0.0394680
24.600   0.0430870
24.610   0.0455050
24.620   0.0453120
24.630   0.0407210
24.640   0.0334200
24.650   0.0267240
24.660   0.0201240
24.670   0.0096335
24.680  -0.0049325
24.690  -0.0179330
24.700  -0.0253570
24.710  -0.0294510
24.720  -0.0336790
24.730  -0.0361210
24.740  -0.0328240
24.750  -0.0239070
24.760  -0.0135310
24.770  -0.0038778
24.780   0.0056754
24.790   0.0152320
24.800   0.0232590
24.810   0.0296870
24.820   0.0359810
24.830   0.0421050
24.840   0.0452750
24.850   0.0429260
24.860   0.0354020
24.870   0.0252950
24.880   0.0149070
24.890   0.0056001
24.900  -0.0020042
24.910  -0.0086063
24.920  -0.0156860
24.930  -0.0227570
24.940  -0.0270470
24.950  -0.0272170
24.960  -0.0254020
24.970  -0.0235380
24.980  -0.0203970
24.990  -0.0148190
25.000  -0.0091308
25.010  -0.0058420
25.020  -0.0030015
25.030   0.0029812
25.040   0.0123760
25.050   0.0223740
25.060   0.0304860
25.070   0.0346600
25.080   0.0341690
25.090   0.0314230
25.100   0.0295880
25.110   0.0278580
25.120   0.0236710
25.130   0.0184840
25.140   0.0155610
25.150   0.0133550
25.160   0.0076921
25.170  -0.0004687
25.180  -0.0066361
25.190  -0.0101620
25.200  -0.0137780
25.210  -0.0171130
25.220  -0.0180280
25.230  -0.0180190
25.240  -0.0213460
25.250  -0.0286340
25.260  -0.0369380
25.270  -0.0440070
25.280  -0.0489590
25.290  -0.0498180
25.300  -0.0448190
25.310  -0.0353030
25.320  -0.0251570
25.330  -0.0178090
25.340  -0.0147990
25.350  -0.0153970
25.360  -0.0162410
25.370  -0.0129300
25.380  -0.0051034
25.390   0.0014590
25.400   0.0007782
25.410  -0.0061326
25.420  -0.0126360
25.430  -0.0139780
25.440  -0.0103970
25.450  -0.0049280
25.460  -0.0007386
25.470   0.0005499
25.480   0.0010531
25.490   0.0045334
25.500   0.0104920
25.510   0.0142120
25.520   0.0144980
25.530   0.0159820
25.540   0.0212090
25.550   0.0268060
25.560   0.0298500
25.570   0.0321030
25.580   0.0347250
25.590   0.0349610
25.600   0.0300850
25.610   0.0209600
25.620   0.0105810
25.630   0.0031779
25.640   0.0027597
25.650   0.0084910
25.660   0.0134990
25.670   0.0131180
25.680   0.0110650
25.690   0.0131540
25.700   0.0189910
25.710   0.0243480
25.720   0.0274310
25.730   0.0284130
25.740   0.0262400
25.750   0.0206560
25.760   0.0147380
25.770   0.0115570
25.780   0.0103700
25.790   0.0088280
25.800   0.0064117
25.810   0.0028901
25.820  -0.0027765
25.830  -0.0099261
25.840  -0.0148130
25.850  -0.0151960
25.860  -0.0132500
25.870  -0.0120740
25.880  -0.0111110
25.890  -0.0081316
25.900  -0.0028298
25.910   0.0033670
25.920   0.0095382
25.930   0.0147140
25.940   0.0173210
25.950   0.0158730
25.960   0.0105430
25.970   0.0031927
25.980  -0.0034478
25.990  -0.0084974
26.000  -0.0144320
26.010  -0.0243100
26.020  -0.0364620
26.030  -0.0449800
26.040  -0.0465520
26.050  -0.0437820
26.060  -0.0411810
26.070  -0.0403950
26.080  -0.0399960
26.090  -0.0372720
26.100  -0.0306850
26.110  -0.0208820
26.120  -0.0087235
26.130   0.0066255
26.140   0.0239000
26.150   0.0361450
26.160   0.0373230
26.170   0.0318700
26.180   0.0305730
26.190   0.0368230
26.200   0.0438780
26.210   0.0451710
26.220   0.0408080
26.230   0.0337930
26.240   0.0266400
26.250   0.0214930
26.260   0.0188840
26.270   0.0158810
26.280   0.0098418
26.290   0.0025873
26.300  -0.0020114
26.310  -0.0033652
26.320  -0.0034545
26.330  -0.0030165
26.340  -0.0013718
26.350   0.0011163
26.360   0.0032226
26.370   0.0047373
26.380   0.0067821
26.390   0.0104080
26.400   0.0156120
26.410   0.0219270
26.420   0.0288250
26.430   0.0355420
26.440   0.0406420
26.450   0.0426990
26.460   0.0407270
26.470   0.0352830
26.480   0.0285100
26.490   0.0224360
26.500   0.0164500
26.510   0.0084310
26.520  -0.0012367
26.530  -0.0086957
26.540  -0.0112820
26.550  -0.0108570
26.560  -0.0105590
26.570  -0.0109110
26.580  -0.0110060
26.590  -0.0108410
26.600  -0.0108820
26.610  -0.0115800
26.620  -0.0140810
26.630  -0.0186770
26.640  -0.0224830
26.650  -0.0222110
26.660  -0.0194790
26.670  -0.0192070
26.680  -0.0223040
26.690  -0.0252540
26.700  -0.0263050
26.710  -0.0275730
26.720  -0.0301690
26.730  -0.0321490
26.740  -0.0317010
26.750  -0.0299760
26.760  -0.0290400
26.770  -0.0291930
26.780  -0.0293720
26.790  -0.0291340
26.800  -0.0292240
26.810  -0.0303810
26.820  -0.0321100
26.830  -0.0329060
26.840  -0.0322200
26.850  -0.0307390
26.860  -0.0290750
26.870  -0.0265980
26.880  -0.0225750
26.890  -0.0171390
26.900  -0.0119700
26.910  -0.0093734
26.920  -0.0102710
26.930  -0.0124510
26.940  -0.0125830
26.950  -0.0099123
26.960  -0.0062979
26.970  -0.0029753
26.980   0.0001540
26.990   0.0025401
27.000   0.0035184
27.010   0.0040780
27.020   0.0056091
27.030   0.0073601
27.040   0.0086416
27.050   0.0117220
27.060   0.0195020
27.070   0.0303200
27.080   0.0390470
27.090   0.0427190
27.100   0.0429590
27.110   0.0428970
27.120   0.0431900
27.130   0.0412630
27.140   0.0345790
27.150   0.0247380
27.160   0.0168040
27.170   0.0132500
27.180   0.0112420
27.190   0.0072513
27.200   0.0020889
27.210  -0.0016172
27.220  -0.0036557
27.230  -0.0054636
27.240  -0.0069392
27.250  -0.0070270
27.260  -0.0058278
27.270  -0.0039509
27.280  -0.0014188
27.290   0.0010501
27.300   0.0021374
27.310   0.0026442
27.320   0.0054586
27.330   0.0114250
27.340   0.0176760
27.350   0.0213380
27.360   0.0224320
27.370   0.0217380
27.380   0.0182730
27.390   0.0113570
27.400   0.0031256
27.410  -0.0037769
27.420  -0.0094200
27.430  -0.0154980
27.440  -0.0218640
27.450  -0.0266620
27.460  -0.0289340
27.470  -0.0296360
27.480  -0.0296420
27.490  -0.0282790
27.500  -0.0241980
27.510  -0.0177580
27.520  -0.0120530
27.530  -0.0107180
27.540  -0.0137260
27.550  -0.0162510
27.560  -0.0135500
27.570  -0.0064161
27.580  -0.0001488
27.590   0.0013160
27.600  -0.0010860
27.610  -0.0045354
27.620  -0.0079339
27.630  -0.0120090
27.640  -0.0155320
27.650  -0.0153830
27.660  -0.0101710
27.670  -0.0035518
27.680  -0.0003108
27.690  -0.0005008
27.700   0.0007829
27.710   0.0062027
27.720   0.0123090
27.730   0.0145070
27.740   0.0136280
27.750   0.0139530
27.760   0.0167010
27.770   0.0191900
27.780   0.0196660
27.790   0.0190420
27.800   0.0170840
27.810   0.0114420
27.820   0.0022077
27.830  -0.0060142
27.840  -0.0094883
27.850  -0.0100610
27.860  -0.0116350
27.870  -0.0143990
27.880  -0.0150790
27.890  -0.0120720
27.900  -0.0070846
27.910  -0.0021126
27.920   0.0025917
27.930   0.0077817
27.940   0.0142620
27.950   0.0227230
27.960   0.0319350
27.970   0.0380470
27.980   0.0377610
27.990   0.0323790
28.000   0.0258820
28.010   0.0193260
28.020   0.0107890
28.030   0.0010765
28.040  -0.0053057
28.050  -0.0064611
28.060  -0.0063569
28.070  -0.0093961
28.080  -0.0150630
28.090  -0.0201820
28.100  -0.0242300
28.110  -0.0295040
28.120  -0.0369360
28.130  -0.0439820
28.140  -0.0468120
28.150  -0.0440740
28.160  -0.0377100
28.170  -0.0304670
28.180  -0.0228420
28.190  -0.0134290
28.200  -0.0017198
28.210   0.0102020
28.220   0.0191710
28.230   0.0234610
28.240   0.0232390
28.250   0.0188340
28.260   0.0102010
28.270  -0.0008940
28.280  -0.0102980
28.290  -0.0160000
28.300  -0.0209080
28.310  -0.0277200
28.320  -0.0331090
28.330  -0.0318230
28.340  -0.0247930
28.350  -0.0179270
28.360  -0.0147210
28.370  -0.0147380
28.380  -0.0174040
28.390  -0.0215910
28.400  -0.0244140
28.410  -0.0244730
28.420  -0.0239140
28.430  -0.0239140
28.440  -0.0211190
28.450  -0.0124500
28.460   0.0006348
28.470   0.0149870
28.480   0.0297420
28.490   0.0429390
28.500   0.0502870
28.510   0.0502330
28.520   0.0481060
28.530   0.0505620
28.540   0.0577820
28.550   0.0627500
28.560   0.0589200
28.570   0.0463580
28.580   0.0304440
28.590   0.0152980
28.600   0.0011354
28.610  -0.0121180
28.620  -0.0206040
28.630  -0.0206170
28.640  -0.0147710
28.650  -0.0104900
28.660  -0.0113150
28.670  -0.0140350
28.680  -0.0139730
28.690  -0.0105840
28.700  -0.0058761
28.710  -0.0015892
28.720   0.0008488
28.730  -0.0006632
28.740  -0.0057859
28.750  -0.0109410
28.760  -0.0124850
28.770  -0.0100830
28.780  -0.0048398
28.790   0.0028572
28.800   0.0125480
28.810   0.0220870
28.820   0.0290880
28.830   0.0331780
28.840   0.0352600
28.850   0.0353790
28.860   0.0321320
28.870   0.0235360
28.880   0.0090000
28.890  -0.0090774
28.900  -0.0258070
28.910  -0.0369860
28.920  -0.0406590
28.930  -0.0374240
28.940  -0.0309430
28.950  -0.0274110
28.960  -0.0297930
28.970  -0.0334800
28.980  -0.0314690
28.990  -0.0231900
29.000  -0.0135940
29.010  -0.0050132
29.020   0.0044683
29.030   0.0147980
29.040   0.0220820
29.050   0.0237750
29.060   0.0216120
29.070   0.0185600
29.080   0.0164360
29.090   0.0160830
29.100   0.0173300
29.110   0.0190780
29.120   0.0203760
29.130   0.0203350
29.140   0.0169550
29.150   0.0094196
29.160   0.0004427
29.170  -0.0059490
29.180  -0.0094415
29.190  -0.0123200
29.200  -0.0151650
29.210  -0.0168710
29.220  -0.0184550
29.230  -0.0216450
29.240  -0.0248140
29.250  -0.0246480
29.260  -0.0210310
29.270  -0.0158460
29.280  -0.0094862
29.290  -0.0023929
29.300   0.0023015
29.310   0.0028781
29.320   0.0026182
29.330   0.0059065
29.340   0.0126030
29.350   0.0196240
29.360   0.0245390
29.370   0.0257550
29.380   0.0228390
29.390   0.0190730
29.400   0.0190300
29.410   0.0218910
29.420   0.0222320
29.430   0.0179720
29.440   0.0120730
29.450   0.0058998
29.460  -0.0018074
29.470  -0.0096968
29.480  -0.0138730
29.490  -0.0141570
29.500  -0.0137380
29.510  -0.0133060
29.520  -0.0108480
29.530  -0.0068302
29.540  -0.0036045
29.550  -0.0005844
29.560   0.0055068
29.570   0.0147090
29.580   0.0224810
29.590   0.0247590
29.600   0.0230380
29.610   0.0227190
29.620   0.0272240
29.630   0.0337350
29.640   0.0356540
29.650   0.0298390
29.660   0.0197180
29.670   0.0109420
29.680   0.0060511
29.690   0.0047354
29.700   0.0054912
29.710   0.0059664
29.720   0.0039146
29.730  -0.0002485
29.740  -0.0035804
29.750  -0.0039724
29.760  -0.0022868
29.770  -0.0005798
29.780  -0.0004685
29.790  -0.0032680
29.800  -0.0091712
29.810  -0.0153050
29.820  -0.0176540
29.830  -0.0156140
29.840  -0.0125270
29.850  -0.0110140
29.860  -0.0112680
29.870  -0.0134360
29.880  -0.0178790
29.890  -0.0212820
29.900  -0.0183070
29.910  -0.0085961
29.920   0.0019297
29.930   0.0092363
29.940   0.0148240
29.950   0.0198080
29.960   0.0218730
29.970   0.0203630
29.980   0.0182050
29.990   0.0167100
30.000   0.0137470
30.010   0.0090350
30.020   0.0057425
30.030   0.0059523
30.040   0.0083557
30.050   0.0113340
30.060   0.0138540
30.070   0.0147140
30.080   0.0137790
30.090   0.0127830
30.100   0.0122250
30.110   0.0102270
30.120   0.0060994
30.130   0.0016923
30.140  -0.0026658
30.150  -0.0091728
30.160  -0.0180630
30.170  -0.0256850
30.180  -0.0289480
30.190  -0.0287250
30.200  -0.0281430
30.210  -0.0288340
30.220  -0.0294470
30.230  -0.0273970
30.240  -0.0220680
30.250  -0.0159300
30.260  -0.0110930
30.270  -0.0068788
30.280  -0.0019747
30.290   0.0024915
30.300   0.0051767
30.310   0.0067222
30.320   0.0082411
30.330   0.0091775
30.340   0.0091550
30.350   0.0089814
30.360   0.0091389
30.370   0.0091675
30.380   0.0091251
30.390   0.0094373
30.400   0.0096696
30.410   0.0088353
30.420   0.0064725
30.430   0.0025526
30.440  -0.0020203
30.450  -0.0053346
30.460  -0.0063699
30.470  -0.0068052
30.480  -0.0079216
30.490  -0.0085609
30.500  -0.0086527
30.510  -0.0109340
30.520  -0.0152850
30.530  -0.0164930
30.540  -0.0123000
30.550  -0.0074328
30.560  -0.0058083
30.570  -0.0046752
30.580  -0.0008513
30.590   0.0043687
30.600   0.0091708
