 0.000   0.0000000
 0.010  -0.0687070
 0.020  -0.1486100
 0.030  -0.1661100
 0.040  -0.0104960
 0.050   0.1213100
 0.060   0.0828640
 0.070   0.1123200
 0.080   0.2857400
 0.090   0.2662000
 0.100   0.0128950
 0.110  -0.0985050
 0.120  -0.0516350
 0.130  -0.1414100
 0.140  -0.2564000
 0.150  -0.1394500
 0.160   0.0227160
 0.170   0.0353560
 0.180   0.0870570
 0.190   0.2120400
 0.200   0.1659800
 0.210   0.0272370
 0.220   0.0763170
 0.230   0.1892200
 0.240   0.1134800
 0.250  -0.0059320
 0.260   0.0401680
 0.270   0.1404000
 0.280   0.1448800
 0.290   0.0769590
 0.300  -0.0120010
 0.310  -0.0847710
 0.320  -0.1272400
 0.330  -0.1896800
 0.340  -0.2313900
 0.350  -0.1165300
 0.360   0.0891800
 0.370   0.1858800
 0.380   0.1742900
 0.390   0.1286500
 0.400   0.0211110
 0.410  -0.0590990
 0.420  -0.0003987
 0.430   0.0406820
 0.440  -0.0098283
 0.450   0.0641620
 0.460   0.1939100
 0.470   0.0682420
 0.480  -0.1178200
 0.490  -0.0307770
 0.500   0.0074629
 0.510  -0.2724200
 0.520  -0.3857700
 0.530  -0.0800160
 0.540   0.1418600
 0.550   0.0947440
 0.560   0.1399600
 0.570   0.2003600
 0.580  -0.0551950
 0.590  -0.3206000
 0.600  -0.1737100
 0.610   0.0908350
 0.620   0.0691750
 0.630  -0.0675650
 0.640  -0.0965140
 0.650  -0.1699300
 0.660  -0.3676100
 0.670  -0.4718700
 0.680  -0.3597900
 0.690  -0.1818900
 0.700  -0.1022100
 0.710  -0.1124400
 0.720  -0.1335500
 0.730  -0.1816000
 0.740  -0.2948300
 0.750  -0.3118600
 0.760  -0.0311320
 0.770   0.3744300
 0.780   0.5667300
 0.790   0.5940000
 0.800   0.6135100
 0.810   0.3996700
 0.820  -0.1124200
 0.830  -0.4521700
 0.840  -0.5070900
 0.850  -0.7362000
 0.860  -1.0009000
 0.870  -0.6574400
 0.880   0.0306900
 0.890   0.2707400
 0.900   0.2204600
 0.910   0.4261800
 0.920   0.6057600
 0.930   0.4221700
 0.940   0.3145600
 0.950   0.5646200
 0.960   0.7328700
 0.970   0.4530600
 0.980  -0.1552800
 0.990  -0.7418400
 1.000  -0.9041400
 1.010  -0.5957200
 1.020  -0.2959300
 1.030  -0.2152500
 1.040   0.0673340
 1.050   0.7201500
 1.060   1.3026000
 1.070   1.4921000
 1.080   1.3496000
 1.090   1.0529000
 1.100   0.8678000
 1.110   0.8302400
 1.120   0.4686800
 1.130  -0.3325400
 1.140  -0.8023100
 1.150  -0.6211000
 1.160  -0.6270000
 1.170  -1.1426000
 1.180  -1.2649000
 1.190  -0.7943600
 1.200  -0.7600600
 1.210  -1.2154000
 1.220  -0.9852900
 1.230  -0.1090000
 1.240   0.2229100
 1.250   0.1937800
 1.260   0.8521400
 1.270   1.5916000
 1.280   1.1514000
 1.290   0.1315900
 1.300  -0.2032600
 1.310  -0.1557700
 1.320  -0.4728800
 1.330  -0.7858700
 1.340  -0.6590100
 1.350  -0.4515900
 1.360  -0.4188800
 1.370  -0.3434800
 1.380  -0.0899500
 1.390   0.2875000
 1.400   0.5940800
 1.410   0.5419800
 1.420   0.2725100
 1.430   0.2893800
 1.440   0.4945500
 1.450   0.2964600
 1.460  -0.2270500
 1.470  -0.4586900
 1.480  -0.3433100
 1.490  -0.2844900
 1.500  -0.3111500
 1.510  -0.1520400
 1.520   0.2004300
 1.530   0.4609000
 1.540   0.4305900
 1.550   0.2370100
 1.560   0.1132300
 1.570   0.0163040
 1.580  -0.1971200
 1.590  -0.3530400
 1.600  -0.2257100
 1.610   0.0332350
 1.620   0.1916700
 1.630   0.2539200
 1.640   0.2502100
 1.650   0.2286600
 1.660   0.3516300
 1.670   0.5203200
 1.680   0.4165300
 1.690   0.2079700
 1.700   0.2948200
 1.710   0.3661900
 1.720  -0.0634530
 1.730  -0.5513600
 1.740  -0.5230900
 1.750  -0.4016700
 1.760  -0.6235400
 1.770  -0.6875900
 1.780  -0.3324700
 1.790  -0.1973900
 1.800  -0.4364900
 1.810  -0.3210400
 1.820   0.2362900
 1.830   0.4650300
 1.840   0.2610400
 1.850   0.2895500
 1.860   0.6012000
 1.870   0.6132600
 1.880   0.2907300
 1.890   0.1399200
 1.900   0.2566000
 1.910   0.2615900
 1.920  -0.0399290
 1.930  -0.4598800
 1.940  -0.6812600
 1.950  -0.5351600
 1.960  -0.2209400
 1.970  -0.1202400
 1.980  -0.2344500
 1.990  -0.2315800
 2.000  -0.1312900
 2.010  -0.2097000
 2.020  -0.2382700
 2.030   0.1803000
 2.040   0.6611600
 2.050   0.5774800
 2.060   0.1937300
 2.070   0.0824140
 2.080   0.0733740
 2.090  -0.1063800
 2.100  -0.1105000
 2.110   0.1719000
 2.120   0.2087100
 2.130  -0.0982550
 2.140  -0.2056500
 2.150  -0.0554640
 2.160  -0.1113200
 2.170  -0.3232300
 2.180  -0.2424700
 2.190   0.0858760
 2.200   0.2750300
 2.210   0.2614200
 2.220   0.2054800
 2.230   0.1480900
 2.240   0.0689070
 2.250  -0.0815820
 2.260  -0.4055200
 2.270  -0.8076400
 2.280  -0.9715200
 2.290  -0.8305900
 2.300  -0.6564700
 2.310  -0.5231200
 2.320  -0.2056100
 2.330   0.3036500
 2.340   0.7259800
 2.350   0.9426600
 2.360   1.0491000
 2.370   1.0919000
 2.380   1.0506000
 2.390   0.8601400
 2.400   0.4444800
 2.410   0.0067808
 2.420  -0.1081600
 2.430  -0.1145100
 2.440  -0.5308700
 2.450  -1.0839000
 2.460  -1.0626000
 2.470  -0.6503700
 2.480  -0.4787400
 2.490  -0.3549900
 2.500   0.0920330
 2.510   0.4005300
 2.520   0.2001000
 2.530  -0.0345170
 2.540   0.0115530
 2.550   0.0517440
 2.560   0.0108140
 2.570   0.0332640
 2.580  -0.0365560
 2.590  -0.2763600
 2.600  -0.4460200
 2.610  -0.4930100
 2.620  -0.5040600
 2.630  -0.3529000
 2.640  -0.0431250
 2.650   0.1952900
 2.660   0.3538100
 2.670   0.4601300
 2.680   0.3521400
 2.690   0.1924200
 2.700   0.2549800
 2.710   0.1599600
 2.720  -0.3464900
 2.730  -0.5136800
 2.740   0.0564370
 2.750   0.4694400
 2.760   0.1769200
 2.770  -0.1487800
 2.780  -0.0884320
 2.790  -0.0367920
 2.800  -0.1506600
 2.810  -0.1750400
 2.820   0.0251490
 2.830   0.4657900
 2.840   0.9037600
 2.850   0.8573200
 2.860   0.4791900
 2.870   0.4676500
 2.880   0.6902000
 2.890   0.4333400
 2.900  -0.0372400
 2.910   0.0123710
 2.920   0.2633200
 2.930   0.0594910
 2.940  -0.3045100
 2.950  -0.3585300
 2.960  -0.3457900
 2.970  -0.4768300
 2.980  -0.4603100
 2.990  -0.1832800
 3.000   0.0736720
 3.010   0.1530100
 3.020   0.1479200
 3.030   0.1382000
 3.040   0.0917830
 3.050  -0.0484870
 3.060  -0.1961300
 3.070  -0.1313300
 3.080   0.1220400
 3.090   0.1809400
 3.100  -0.1410000
 3.110  -0.5035300
 3.120  -0.5381300
 3.130  -0.3064600
 3.140  -0.0620050
 3.150   0.0903050
 3.160   0.1407300
 3.170   0.0845560
 3.180   0.0267860
 3.190   0.1163900
 3.200   0.2536700
 3.210   0.1903400
 3.220   0.0351470
 3.230   0.1403200
 3.240   0.3683900
 3.250   0.2387500
 3.260  -0.1177400
 3.270  -0.1286000
 3.280   0.1564400
 3.290   0.2491300
 3.300   0.1492300
 3.310   0.0564090
 3.320  -0.1803200
 3.330  -0.4855800
 3.340  -0.4103200
 3.350  -0.0574110
 3.360   0.0267600
 3.370  -0.0811300
 3.380   0.0189100
 3.390   0.0926300
 3.400  -0.1995100
 3.410  -0.4860100
 3.420  -0.3146100
 3.430   0.1161400
 3.440   0.3572300
 3.450   0.2520700
 3.460  -0.0220680
 3.470  -0.1505700
 3.480  -0.0775280
 3.490  -0.0892580
 3.500  -0.2250700
 3.510  -0.1435100
 3.520   0.1513100
 3.530   0.2475800
 3.540   0.0937630
 3.550  -0.0329970
 3.560  -0.1403400
 3.570  -0.3043000
 3.580  -0.2935900
 3.590  -0.0388860
 3.600   0.1263200
 3.610   0.0576550
 3.620  -0.0164150
 3.630   0.0106050
 3.640   0.0491050
 3.650   0.1172300
 3.660   0.2545300
 3.670   0.3633800
 3.680   0.3715800
 3.690   0.2519700
 3.700  -0.0806940
 3.710  -0.5091200
 3.720  -0.6136700
 3.730  -0.2729800
 3.740   0.0538870
 3.750   0.0582070
 3.760   0.0073375
 3.770   0.0714380
 3.780  -0.0270720
 3.790  -0.3385800
 3.800  -0.4615400
 3.810  -0.2651300
 3.820  -0.0669710
 3.830   0.0006089
 3.840   0.0629190
 3.850   0.0548990
 3.860  -0.1017800
 3.870  -0.1558100
 3.880   0.0382500
 3.890   0.1743300
 3.900   0.0523200
 3.910  -0.0785190
 3.920  -0.0554390
 3.930  -0.0461990
 3.940  -0.0906090
 3.950  -0.0399190
 3.960   0.0441520
 3.970   0.0044517
 3.980  -0.0640580
 3.990  -0.0263980
 4.000   0.0417120
 4.010   0.0928720
 4.020   0.2087300
 4.030   0.3482900
 4.040   0.3590100
 4.050   0.2220600
 4.060   0.0566830
 4.070  -0.0275460
 4.080  -0.0280860
 4.090  -0.0500960
 4.100  -0.1076400
 4.110  -0.0563260
 4.120   0.0676050
 4.130   0.0238250
 4.140  -0.1222200
 4.150  -0.0703050
 4.160   0.1199900
 4.170   0.2313300
 4.180   0.3773200
 4.190   0.5778300
 4.200   0.4985100
 4.210   0.1451100
 4.220  -0.0699130
 4.230  -0.1320900
 4.240  -0.3127100
 4.250  -0.4636800
 4.260  -0.3227700
 4.270  -0.0574620
 4.280   0.0780480
 4.290   0.0732780
 4.300   0.0040382
 4.310   0.0076784
 4.320   0.1686600
 4.330   0.2556000
 4.340   0.0874790
 4.350  -0.0528410
 4.360   0.0237890
 4.370   0.0202400
 4.380  -0.1666300
 4.390  -0.2028600
 4.400  -0.0738700
 4.410  -0.1560500
 4.420  -0.4085500
 4.430  -0.3764800
 4.440  -0.0124490
 4.450   0.2541100
 4.460   0.2632300
 4.470   0.2991500
 4.480   0.4447500
 4.490   0.3856400
 4.500   0.0701220
 4.510  -0.1095300
 4.520  -0.0593070
 4.530  -0.1076600
 4.540  -0.2136200
 4.550  -0.0243170
 4.560   0.2832600
 4.570   0.2703100
 4.580   0.0716940
 4.590   0.0027340
 4.600  -0.0667260
 4.610  -0.2078200
 4.620  -0.1646500
 4.630   0.0109150
 4.640   0.0183350
 4.650  -0.0341850
 4.660   0.0571650
 4.670   0.0850360
 4.680  -0.0351640
 4.690  -0.0019440
 4.700   0.1805700
 4.710   0.1858000
 4.720   0.0823270
 4.730   0.1185600
 4.740   0.1182100
 4.750  -0.0845230
 4.760  -0.2234400
 4.770  -0.1819400
 4.780  -0.1891600
 4.790  -0.2138400
 4.800  -0.0627720
 4.810   0.0508680
 4.820  -0.0861610
 4.830  -0.1722600
 4.840  -0.0176110
 4.850   0.0416290
 4.860  -0.1205100
 4.870  -0.1603600
 4.880  -0.0147600
 4.890   0.0131600
 4.900  -0.0752200
 4.910  -0.0553200
 4.920   0.0073605
 4.930  -0.0099393
 4.940   0.0355610
 4.950   0.1944500
 4.960   0.2592400
 4.970   0.1725500
 4.980   0.0886320
 4.990   0.0295320
 5.000  -0.0609080
 5.010  -0.0807680
 5.020   0.0341530
 5.030   0.1146000
 5.040   0.0347130
 5.050  -0.0712470
 5.060  -0.0605070
 5.070  -0.0125660
 5.080  -0.0578660
 5.090  -0.1514200
 5.100  -0.1474800
 5.110  -0.0206060
 5.120   0.0818340
 5.130   0.0209250
 5.140  -0.1438000
 5.150  -0.2373800
 5.160  -0.2369100
 5.170  -0.2678700
 5.180  -0.3064500
 5.190  -0.1896600
 5.200   0.0198560
 5.210   0.0819860
 5.220   0.0329960
 5.230   0.1052800
 5.240   0.2234400
 5.250   0.1352300
 5.260  -0.0664530
 5.270  -0.1126000
 5.280  -0.0498720
 5.290  -0.0698820
 5.300  -0.1211800
 5.310  -0.0730320
 5.320   0.0236780
 5.330   0.0725290
 5.340   0.0852390
 5.350   0.1203400
 5.360   0.2095300
 5.370   0.3036800
 5.380   0.2869900
 5.390   0.1535500
 5.400   0.0429100
 5.410  -0.0041597
 5.420  -0.0889300
 5.430  -0.2033100
 5.440  -0.2294500
 5.450  -0.1680000
 5.460  -0.0948990
 5.470  -0.0064086
 5.480   0.0916320
 5.490   0.1340200
 5.500   0.1361100
 5.510   0.1523400
 5.520   0.1278200
 5.530   0.0427430
 5.540   0.0435430
 5.550   0.1608100
 5.560   0.1546200
 5.570  -0.0771270
 5.580  -0.2573300
 5.590  -0.1932800
 5.600  -0.1188000
 5.610  -0.2384400
 5.620  -0.3133000
 5.630  -0.1052600
 5.640   0.1348500
 5.650   0.0886550
 5.660  -0.0708850
 5.670  -0.0452750
 5.680   0.0340960
 5.690  -0.0442740
 5.700  -0.0814540
 5.710   0.1043700
 5.720   0.2288000
 5.730   0.0784970
 5.740  -0.0463330
 5.750   0.0611670
 5.760   0.1045000
 5.770  -0.0689930
 5.780  -0.1276600
 5.790   0.0655780
 5.800   0.1801800
 5.810   0.0778580
 5.820   0.0059784
 5.830   0.0238190
 5.840  -0.0470410
 5.850  -0.1295800
 5.860  -0.0164910
 5.870   0.1564500
 5.880   0.1412600
 5.890   0.0336900
 5.900   0.0266500
 5.910   0.0462000
 5.920   0.0010004
 5.930   0.0061306
 5.940   0.1019100
 5.950   0.1448700
 5.960   0.1026600
 5.970   0.0845410
 5.980   0.0920620
 5.990   0.0626520
 6.000   0.0293520
 6.010   0.0116520
 6.020  -0.0232380
 6.030  -0.0087575
 6.040   0.1017000
 6.050   0.1424000
 6.060   0.0148330
 6.070  -0.0701170
 6.080   0.0283040
 6.090   0.1174000
 6.100   0.0689040
 6.110   0.0311540
 6.120   0.0547440
 6.130  -0.0074155
 6.140  -0.1420700
 6.150  -0.1769800
 6.160  -0.1187000
 6.170  -0.1080300
 6.180  -0.1487600
 6.190  -0.1574000
 6.200  -0.1273700
 6.210  -0.0877640
 6.220  -0.0529140
 6.230  -0.0486430
 6.240  -0.0715030
 6.250  -0.0786630
 6.260  -0.0655830
 6.270  -0.0447230
 6.280   0.0058275
 6.290   0.0495680
 6.300  -0.0077321
 6.310  -0.1209400
 6.320  -0.1314600
 6.330  -0.0448720
 6.340  -0.0102210
 6.350  -0.0290310
 6.360   0.0197590
 6.370   0.1178700
 6.380   0.1451300
 6.390   0.0986300
 6.400   0.0607100
 6.410   0.0461700
 6.420   0.0274700
 6.430   0.0133900
 6.440   0.0153510
 6.450   0.0134810
 6.460  -0.0090989
 6.470  -0.0499890
 6.480  -0.0950390
 6.490  -0.1061500
 6.500  -0.0466180
 6.510   0.0483620
 6.520   0.0948220
 6.530   0.0805520
 6.540   0.0672730
 6.550   0.0599330
 6.560   0.0074130
 6.570  -0.0692370
 6.580  -0.1036300
 6.590  -0.1001700
 6.600  -0.0806160
 6.610  -0.0260360
 6.620   0.0207340
 6.630  -0.0102560
 6.640  -0.0404350
 6.650   0.0300750
 6.660   0.0861550
 6.670   0.0086352
 6.680  -0.0613650
 6.690   0.0033656
 6.700   0.0638360
 6.710   0.0143860
 6.720  -0.0259140
 6.730  -0.0025336
 6.740  -0.0154230
 6.750  -0.0566930
 6.760  -0.0250030
 6.770   0.0478070
 6.780   0.0767970
 6.790   0.0926280
 6.800   0.1308800
 6.810   0.1293000
 6.820   0.0483280
 6.830  -0.0565120
 6.840  -0.1251800
 6.850  -0.1596600
 6.860  -0.1780100
 6.870  -0.1396200
 6.880   0.0039194
 6.890   0.1527600
 6.900   0.1320900
 6.910  -0.0034300
 6.920  -0.0187200
 6.930   0.0928600
 6.940   0.1290300
 6.950   0.0918510
 6.960   0.1290900
 6.970   0.1689300
 6.980   0.0742910
 6.990  -0.0383480
 7.000  -0.0287880
 7.010   0.0043120
 7.020  -0.0311680
 7.030  -0.0484280
 7.040  -0.0021974
 7.050   0.0340630
 7.060   0.0303130
 7.070   0.0100530
 7.080  -0.0144170
 7.090  -0.0167260
 7.100  -0.0047462
 7.110  -0.0400260
 7.120  -0.0780560
 7.130  -0.0019557
 7.140   0.1029400
 7.150   0.0420950
 7.160  -0.1196800
 7.170  -0.1728300
 7.180  -0.1424600
 7.190  -0.1601700
 7.200  -0.1581900
 7.210  -0.0442140
 7.220   0.0677460
 7.230   0.0645760
 7.240   0.0173370
 7.250   0.0092967
 7.260   0.0113070
 7.270  -0.0105030
 7.280  -0.0295130
 7.290  -0.0139820
 7.300   0.0249080
 7.310   0.0388680
 7.320   0.0088181
 7.330  -0.0132420
 7.340   0.0085885
 7.350   0.0317490
 7.360   0.0294090
 7.370   0.0274090
 7.380   0.0125290
 7.390  -0.0419600
 7.400  -0.0863700
 7.410  -0.0818500
 7.420  -0.0775600
 7.430  -0.0875700
 7.440  -0.0498000
 7.450   0.0305310
 7.460   0.0716210
 7.470   0.0549210
 7.480   0.0323210
 7.490   0.0327510
 7.500   0.0439220
 7.510   0.0408620
 7.520   0.0173520
 7.530   0.0014723
 7.540   0.0016425
 7.550  -0.0108570
 7.560  -0.0124470
 7.570   0.0456130
 7.580   0.0912930
 7.590   0.0201330
 7.600  -0.0923160
 7.610  -0.1099400
 7.620  -0.0721860
 7.630  -0.0681460
 7.640  -0.0443060
 7.650   0.0450650
 7.660   0.1052700
 7.670   0.0793650
 7.680   0.0431550
 7.690   0.0400950
 7.700   0.0289160
 7.710   0.0099558
 7.720   0.0187860
 7.730   0.0275060
 7.740  -0.0000136
 7.750  -0.0240330
 7.760  -0.0109830
 7.770  -0.0043430
 7.780  -0.0299330
 7.790  -0.0364730
 7.800   0.0062076
 7.810   0.0492480
 7.820   0.0483780
 7.830   0.0283480
 7.840   0.0356380
 7.850   0.0681390
 7.860   0.0764190
 7.870   0.0422690
 7.880   0.0170490
 7.890   0.0251890
 7.900   0.0087196
 7.910  -0.0391100
 7.920  -0.0303200
 7.930   0.0233600
 7.940  -0.0012796
 7.950  -0.0778090
 7.960  -0.0596290
 7.970   0.0165710
 7.980   0.0109910
 7.990  -0.0205590
 8.000   0.0234720
 8.010   0.0372620
 8.020  -0.0551180
 8.030  -0.0980580
 8.040  -0.0121280
 8.050   0.0432830
 8.060  -0.0076872
 8.070  -0.0358370
 8.080   0.0068432
 8.090   0.0170530
 8.100  -0.0225860
 8.110  -0.0109060
 8.120   0.0741940
 8.130   0.1357500
 8.140   0.1088300
 8.150   0.0405550
 8.160   0.0085748
 8.170   0.0191250
 8.180   0.0261050
 8.190   0.0177350
 8.200   0.0190460
 8.210   0.0287260
 8.220   0.0204160
 8.230  -0.0092238
 8.240  -0.0374040
 8.250  -0.0470630
 8.260  -0.0509930
 8.270  -0.0791330
 8.280  -0.1175700
 8.290  -0.0995830
 8.300  -0.0140320
 8.310   0.0507980
 8.320   0.0416680
 8.330   0.0163480
 8.340   0.0219280
 8.350   0.0173690
 8.360  -0.0298910
 8.370  -0.0787210
 8.380  -0.0831910
 8.390  -0.0528210
 8.400  -0.0234600
 8.410  -0.0052903
 8.420   0.0170100
 8.430   0.0358700
 8.440   0.0202800
 8.450  -0.0128990
 8.460  -0.0059193
 8.470   0.0314710
 8.480   0.0307710
 8.490  -0.0041887
 8.500  -0.0105180
 8.510   0.0036717
 8.520  -0.0125780
 8.530  -0.0407980
 8.540  -0.0419080
 8.550  -0.0440070
 8.560  -0.0770270
 8.570  -0.1087000
 8.580  -0.1107400
 8.590  -0.0948270
 8.600  -0.0594770
 8.610   0.0022537
 8.620   0.0486440
 8.630   0.0381640
 8.640   0.0101240
 8.650   0.0251340
 8.660   0.0558650
 8.670   0.0349350
 8.680  -0.0187350
 8.690  -0.0304350
 8.700  -0.0030745
 8.710  -0.0018143
 8.720  -0.0258340
 8.730  -0.0220440
 8.740  -0.0073137
 8.750  -0.0416840
 8.760  -0.0920830
 8.770  -0.0608730
 8.780   0.0473770
 8.790   0.1179500
 8.800   0.1004400
 8.810   0.0669480
 8.820   0.0676580
 8.830   0.0578580
 8.840   0.0167480
 8.850   0.0039984
 8.860   0.0374490
 8.870   0.0514490
 8.880   0.0279090
 8.890   0.0224190
 8.900   0.0328390
 8.910   0.0027796
 8.920  -0.0424600
 8.930  -0.0297600
 8.940   0.0173900
 8.950   0.0267100
 8.960   0.0155710
 8.970   0.0382410
 8.980   0.0716510
 8.990   0.0784610
 9.000   0.0876510
 9.010   0.1075700
 9.020   0.0763720
 9.030  -0.0075280
 9.040  -0.0423680
 9.050   0.0019824
 9.060   0.0196430
 9.070  -0.0375570
 9.080  -0.0740770
 9.090  -0.0372570
 9.100  -0.0052766
 9.110  -0.0176560
 9.120  -0.0069162
 9.130   0.0449940
 9.140   0.0647040
 9.150   0.0334340
 9.160   0.0069846
 9.170  -0.0088952
 9.180  -0.0474250
 9.190  -0.0768650
 9.200  -0.0517850
 9.210  -0.0132240
 9.220  -0.0117040
 9.230  -0.0144340
 9.240   0.0018462
 9.250  -0.0148440
 9.260  -0.0685930
 9.270  -0.0764630
 9.280  -0.0286430
 9.290  -0.0130430
 9.300  -0.0406730
 9.310  -0.0392920
 9.320  -0.0130520
 9.330  -0.0110420
 9.340   0.0013082
 9.350   0.0578080
 9.360   0.0898490
 9.370   0.0502690
 9.380  -0.0056610
 9.390  -0.0411910
 9.400  -0.0783610
 9.410  -0.1038800
 9.420  -0.0872300
 9.430  -0.0550900
 9.440  -0.0394500
 9.450  -0.0268600
 9.460  -0.0102390
 9.470  -0.0004093
 9.480   0.0122810
 9.490   0.0312010
 9.500   0.0325910
 9.510   0.0150920
 9.520   0.0054417
 9.530   0.0080119
 9.540   0.0092121
 9.550   0.0104420
 9.560   0.0180130
 9.570   0.0310530
 9.580   0.0436530
 9.590   0.0396530
 9.600   0.0162230
 9.610   0.0080835
 9.620   0.0327340
 9.630   0.0464040
 9.640   0.0203740
 9.650   0.0000043
 9.660   0.0224550
 9.670   0.0475850
 9.680   0.0278650
 9.690  -0.0179550
 9.700  -0.0425150
 9.710  -0.0349450
 9.720  -0.0204240
 9.730  -0.0178340
 9.740  -0.0185940
 9.750  -0.0093737
 9.760   0.0002865
 9.770  -0.0039933
 9.780  -0.0096731
 9.790  -0.0013429
 9.800  -0.0006827
 9.810  -0.0296330
 9.820  -0.0540720
 9.830  -0.0335520
 9.840   0.0009481
 9.850   0.0058083
 9.860   0.0147580
 9.870   0.0632190
 9.880   0.0922590
 9.890   0.0510390
 9.900   0.0042793
 9.910   0.0161090
 9.920   0.0375400
 9.930   0.0141600
 9.940  -0.0145600
 9.950   0.0006803
 9.960   0.0404000
 9.970   0.0578210
 9.980   0.0327710
 9.990  -0.0104290
10.000  -0.0223190
10.010   0.0045714
10.020   0.0252420
10.030   0.0278320
10.040   0.0422820
10.050   0.0545120
10.060   0.0298520
10.070   0.0020926
10.080   0.0200830
10.090   0.0553630
10.100   0.0551530
10.110   0.0187930
10.120  -0.0264860
10.130  -0.0577160
10.140  -0.0628560
10.150  -0.0591660
10.160  -0.0667260
10.170  -0.0617050
10.180  -0.0232450
10.190   0.0110650
10.200   0.0101050
10.210  -0.0002146
10.220  -0.0072644
10.230  -0.0347440
10.240  -0.0639940
10.250  -0.0476040
10.260  -0.0098036
10.270  -0.0121130
10.280  -0.0352130
10.290  -0.0202830
10.300   0.0079872
10.310  -0.0109930
10.320  -0.0519520
10.330  -0.0559920
10.340  -0.0407020
10.350  -0.0418020
10.360  -0.0284120
10.370   0.0182390
10.380   0.0389890
10.390  -0.0027810
10.400  -0.0547310
10.410  -0.0671310
10.420  -0.0541800
10.430  -0.0372200
10.440  -0.0142700
10.450   0.0058902
10.460   0.0057404
10.470  -0.0070494
10.480  -0.0098792
10.490  -0.0016890
10.500  -0.0000588
10.510  -0.0058086
10.520  -0.0006784
10.530   0.0144120
10.540   0.0169720
10.550   0.0079522
10.560   0.0102320
10.570   0.0208030
10.580   0.0215830
10.590   0.0184030
10.600   0.0147830
10.610  -0.0059867
10.620  -0.0322360
10.630  -0.0291860
10.640  -0.0041161
10.650   0.0158840
10.660   0.0389940
10.670   0.0608850
10.680   0.0395750
10.690  -0.0138350
10.700  -0.0268250
10.710   0.0116050
10.720   0.0398360
10.730   0.0396060
10.740   0.0433760
10.750   0.0499560
10.760   0.0360760
10.770   0.0165370
10.780   0.0188770
10.790   0.0329870
10.800   0.0306470
10.810   0.0121670
10.820   0.0065975
10.830   0.0258280
10.840   0.0400980
10.850   0.0253080
10.860   0.0071583
10.870   0.0125180
10.880   0.0174590
10.890  -0.0022111
10.900  -0.0239710
10.910  -0.0317910
10.920  -0.0468410
10.930  -0.0671100
10.940  -0.0545400
10.950  -0.0114800
10.960   0.0089903
10.970  -0.0052595
10.980   0.0019007
10.990   0.0563210
11.000   0.0950010
11.010   0.0601210
11.020  -0.0056185
11.030  -0.0316080
11.040  -0.0314680
11.050  -0.0470180
11.060  -0.0424880
11.070   0.0248320
11.080   0.0899030
11.090   0.0665530
11.100  -0.0090669
11.110  -0.0431170
11.120  -0.0281870
11.130  -0.0133860
11.140  -0.0011362
11.150   0.0245440
11.160   0.0358440
11.170   0.0159440
11.180   0.0078546
11.190   0.0360350
11.200   0.0542650
11.210   0.0303350
11.220  -0.0016546
11.230  -0.0181340
11.240  -0.0399440
11.250  -0.0601140
11.260  -0.0404640
11.270   0.0059964
11.280   0.0266370
11.290   0.0148170
11.300   0.0012970
11.310  -0.0061928
11.320  -0.0102730
11.330  -0.0012524
11.340   0.0136980
11.350   0.0147280
11.360   0.0087182
11.370   0.0094584
11.380   0.0037186
11.390  -0.0148810
11.400  -0.0243010
11.410  -0.0191910
11.420  -0.0199210
11.430  -0.0233000
11.440  -0.0071902
11.450   0.0166500
11.460   0.0134900
11.470  -0.0179500
11.480  -0.0447390
11.490  -0.0462290
11.500  -0.0316690
11.510  -0.0187390
11.520  -0.0123390
11.530  -0.0083984
11.540  -0.0099782
11.550  -0.0229680
11.560  -0.0381380
11.570  -0.0443980
11.580  -0.0543570
11.590  -0.0797170
11.600  -0.0957570
11.610  -0.0768370
11.620  -0.0427570
11.630  -0.0210860
11.640  -0.0035762
11.650   0.0152340
11.660   0.0155840
11.670   0.0050844
11.680   0.0163550
11.690   0.0324150
11.700   0.0096650
11.710  -0.0283350
11.720  -0.0276450
11.730  -0.0037145
11.740   0.0044057
11.750   0.0160360
11.760   0.0457160
11.770   0.0532060
11.780   0.0341270
11.790   0.0412070
11.800   0.0721270
11.810   0.0725170
11.820   0.0536270
11.830   0.0656480
11.840   0.0859280
11.850   0.0641180
11.860   0.0205580
11.870  -0.0030117
11.880  -0.0136410
11.890  -0.0202310
11.900  -0.0039411
11.910   0.0259190
11.920   0.0303090
11.930   0.0083495
11.940  -0.0052203
11.950  -0.0046901
11.960  -0.0122000
11.970  -0.0257100
11.980  -0.0242690
11.990  -0.0124390
12.000  -0.0109390
12.010  -0.0156490
12.020  -0.0102890
12.030  -0.0033985
12.040  -0.0090183
12.050  -0.0130080
12.060  -0.0013579
12.070   0.0082323
12.080   0.0019525
12.090  -0.0014773
12.100   0.0084129
12.110   0.0110530
12.120  -0.0007067
12.130  -0.0051165
12.140   0.0010537
12.150  -0.0047561
12.160  -0.0206160
12.170  -0.0196460
12.180  -0.0002355
12.190   0.0177350
12.200   0.0313650
12.210   0.0381350
12.220   0.0167150
12.230  -0.0280750
12.240  -0.0546340
12.250  -0.0526740
12.260  -0.0513640
12.270  -0.0470940
12.280  -0.0123340
12.290   0.0283970
12.300   0.0240470
12.310  -0.0190730
12.320  -0.0537230
12.330  -0.0580030
12.340  -0.0357820
12.350   0.0044078
12.360   0.0437480
12.370   0.0628880
12.380   0.0605380
12.390   0.0435190
12.400   0.0177590
12.410  -0.0060710
12.420  -0.0219410
12.430  -0.0353510
12.440  -0.0454100
12.450  -0.0398300
12.460  -0.0160300
12.470   0.0100300
12.480   0.0190000
12.490   0.0084306
12.500  -0.0017092
12.510   0.0061910
12.520   0.0234310
12.530   0.0356210
12.540   0.0444520
12.550   0.0465220
12.560   0.0312320
12.570   0.0151120
12.580   0.0221720
12.590   0.0300430
12.600   0.0018928
12.610  -0.0431570
12.620  -0.0575970
12.630  -0.0395170
12.640  -0.0234860
12.650  -0.0232060
12.660  -0.0257360
12.670  -0.0240460
12.680  -0.0239360
12.690  -0.0223250
12.700  -0.0038652
12.710   0.0281050
12.720   0.0431550
12.730   0.0305750
12.740   0.0203960
12.750   0.0284960
12.760   0.0280960
12.770   0.0065562
12.780  -0.0087036
12.790  -0.0063034
12.800  -0.0077132
12.810  -0.0132830
12.820  -0.0011828
12.830   0.0171170
12.840   0.0113780
12.850  -0.0053523
12.860   0.0011979
12.870   0.0212280
12.880   0.0238480
12.890   0.0162990
12.900   0.0199090
12.910   0.0254390
12.920   0.0212090
12.930   0.0191790
12.940   0.0210200
12.950   0.0108600
12.960  -0.0065001
12.970  -0.0125600
12.980  -0.0103500
12.990  -0.0091895
13.000  -0.0044193
13.010   0.0000409
13.020  -0.0077189
13.030  -0.0177890
13.040  -0.0155480
13.050  -0.0115880
13.060  -0.0138880
13.070  -0.0078279
13.080   0.0067823
13.090   0.0081525
13.100  -0.0051273
13.110  -0.0151270
13.120  -0.0213770
13.130  -0.0297770
13.140  -0.0278870
13.150  -0.0101560
13.160   0.0044339
13.170   0.0054341
13.180   0.0028743
13.190  -0.0014355
13.200  -0.0103250
13.210  -0.0082251
13.220   0.0102550
13.230   0.0154750
13.240  -0.0060745
13.250  -0.0207040
13.260  -0.0106740
13.270  -0.0051639
13.280  -0.0150840
13.290  -0.0141540
13.300  -0.0012233
13.310   0.0012369
13.320   0.0026171
13.330   0.0181270
13.340   0.0243370
13.350   0.0084477
13.360   0.0005579
13.370   0.0106580
13.380   0.0121380
13.390   0.0046585
13.400   0.0074587
13.410   0.0061689
13.420  -0.0111810
13.430  -0.0141310
13.440   0.0054194
13.450   0.0049696
13.460  -0.0221200
13.470  -0.0294500
13.480  -0.0126900
13.490  -0.0131100
13.500  -0.0271890
13.510  -0.0236890
13.520  -0.0202690
13.530  -0.0377690
13.540  -0.0397890
13.550  -0.0099684
13.560   0.0030918
13.570  -0.0107780
13.580   0.0041522
13.590   0.0483820
13.600   0.0580530
13.610   0.0316030
13.620   0.0209030
13.630   0.0176530
13.640  -0.0120070
13.650  -0.0339360
13.660  -0.0108960
13.670   0.0164640
13.680   0.0104740
13.690   0.0067044
13.700   0.0338750
13.710   0.0558250
13.720   0.0418450
13.730   0.0157750
13.740   0.0027754
13.750  -0.0106240
13.760  -0.0359340
13.770  -0.0491740
13.780  -0.0330940
13.790  -0.0176440
13.800  -0.0315530
13.810  -0.0466530
13.820  -0.0275430
13.830   0.0038172
13.840   0.0129070
13.850   0.0083576
13.860   0.0032578
13.870  -0.0103020
13.880  -0.0190620
13.890  -0.0004916
13.900   0.0218790
13.910   0.0140290
13.920  -0.0068710
13.930  -0.0126310
13.940  -0.0110510
13.950  -0.0099004
13.960  -0.0014702
13.970   0.0055700
13.980   0.0039602
13.990   0.0128000
14.000   0.0335210
14.010   0.0380810
14.020   0.0298110
14.030   0.0381510
14.040   0.0525510
14.050   0.0461120
14.060   0.0350420
14.070   0.0378820
14.080   0.0335220
14.090   0.0181020
14.100   0.0232130
14.110   0.0433630
14.120   0.0372730
14.130   0.0076731
14.140  -0.0104370
14.150  -0.0173560
14.160  -0.0250660
14.170  -0.0150460
14.180   0.0170540
14.190   0.0360740
14.200   0.0239950
14.210   0.0009547
14.220  -0.0158950
14.230  -0.0225950
14.240  -0.0183750
14.250  -0.0158140
14.260  -0.0225140
14.270  -0.0171740
14.280   0.0047761
14.290   0.0037663
14.300  -0.0310140
14.310  -0.0514730
14.320  -0.0384830
14.330  -0.0299630
14.340  -0.0353130
14.350  -0.0221230
14.360   0.0042677
14.370   0.0040679
14.380  -0.0205220
14.390  -0.0319220
14.400  -0.0245520
14.410  -0.0253610
14.420  -0.0413810
14.430  -0.0493810
14.440  -0.0350010
14.450  -0.0159510
14.460  -0.0148400
14.470  -0.0262200
14.480  -0.0332800
14.490  -0.0372000
14.500  -0.0390300
14.510  -0.0218390
14.520   0.0136610
14.530   0.0352410
14.540   0.0315510
14.550   0.0293310
14.560   0.0401020
14.570   0.0460920
14.580   0.0442520
14.590   0.0472520
14.600   0.0490620
14.610   0.0391930
14.620   0.0290930
14.630   0.0275430
14.640   0.0209830
14.650   0.0020234
14.660  -0.0158960
14.670  -0.0220260
14.680  -0.0185860
14.690  -0.0110960
14.700  -0.0055856
14.710  -0.0042454
14.720  -0.0011652
14.730   0.0037950
14.740   0.0004852
14.750  -0.0097446
14.760  -0.0138840
14.770  -0.0133540
14.780  -0.0160440
14.790  -0.0112840
14.800   0.0074964
14.810   0.0189370
14.820   0.0126270
14.830   0.0129670
14.840   0.0288970
14.850   0.0341070
14.860   0.0233480
14.870   0.0194680
14.880   0.0144880
14.890  -0.0135220
14.900  -0.0365520
14.910  -0.0216810
14.920  -0.0017712
14.930  -0.0094010
14.940  -0.0108110
14.950   0.0115890
14.960   0.0133300
14.970  -0.0134200
14.980  -0.0188600
14.990  -0.0015098
15.000  -0.0035696
15.010  -0.0142390
15.020  -0.0005892
15.030   0.0166810
15.040   0.0123510
15.050   0.0043414
15.060   0.0026416
15.070  -0.0037782
15.080  -0.0082180
15.090  -0.0063878
15.100  -0.0147880
15.110  -0.0292470
15.120  -0.0290570
15.130  -0.0203070
15.140  -0.0122570
15.150   0.0053533
15.160   0.0218740
15.170   0.0173240
15.180   0.0153940
15.190   0.0384240
15.200   0.0500340
15.210   0.0237750
15.220  -0.0029153
15.230  -0.0028251
15.240  -0.0006549
15.250  -0.0088147
15.260  -0.0052045
15.270   0.0152560
15.280   0.0305660
15.290   0.0285060
15.300   0.0159860
15.310   0.0006865
15.320  -0.0179630
15.330  -0.0391330
15.340  -0.0502030
15.350  -0.0408330
15.360  -0.0211720
15.370  -0.0050423
15.380   0.0081479
15.390   0.0145780
15.400   0.0045883
15.410  -0.0084715
15.420  -0.0059413
15.430  -0.0023311
15.440  -0.0123810
15.450  -0.0136410
15.460   0.0047095
15.470   0.0114900
15.480  -0.0053901
15.490  -0.0159600
15.500  -0.0091197
15.510  -0.0041995
15.520  -0.0015693
15.530   0.0117410
15.540   0.0258710
15.550   0.0279310
15.560   0.0265410
15.570   0.0281420
15.580   0.0258420
15.590   0.0188920
15.600   0.0112320
15.610   0.0010825
15.620  -0.0085973
15.630  -0.0096471
15.640  -0.0027969
15.650   0.0073433
15.660   0.0178730
15.670   0.0181540
15.680   0.0017139
15.690  -0.0153560
15.700  -0.0187260
15.710  -0.0194860
15.720  -0.0262450
15.730  -0.0268150
15.740  -0.0158150
15.750  -0.0035748
15.760   0.0071154
15.770   0.0193160
15.780   0.0258660
15.790   0.0192560
15.800   0.0040162
15.810  -0.0102140
15.820  -0.0159830
15.830  -0.0135230
15.840  -0.0120530
15.850  -0.0137930
15.860  -0.0083826
15.870   0.0029476
15.880   0.0044378
15.890  -0.0041420
15.900  -0.0083418
15.910  -0.0083616
15.920  -0.0131310
15.930  -0.0167710
15.940  -0.0098510
15.950   0.0000992
15.960  -0.0029906
15.970  -0.0215200
15.980  -0.0351400
15.990  -0.0239100
16.000  -0.0027298
16.010  -0.0016696
16.020  -0.0122190
16.030  -0.0058792
16.040   0.0070810
16.050   0.0039712
16.060   0.0004314
16.070   0.0096016
16.080   0.0096418
16.090  -0.0016680
16.100  -0.0005478
16.110   0.0013824
16.120  -0.0172270
16.130  -0.0286970
16.140  -0.0132070
16.150  -0.0059068
16.160  -0.0181870
16.170  -0.0127560
16.180   0.0077038
16.190   0.0045240
16.200  -0.0089558
16.210   0.0036444
16.220   0.0265150
16.230   0.0329850
16.240   0.0331250
16.250   0.0307850
16.260   0.0150450
16.270   0.0016156
16.280   0.0070058
16.290   0.0115660
16.300   0.0033061
16.310   0.0024763
16.320   0.0150670
16.330   0.0251770
16.340   0.0304170
16.350   0.0318970
16.360   0.0187270
16.370  -0.0025125
16.380  -0.0083823
16.390  -0.0006321
16.400   0.0006281
16.410  -0.0028717
16.420   0.0028585
16.430   0.0138990
16.440   0.0185290
16.450   0.0165490
16.460   0.0127890
16.470   0.0078195
16.480   0.0011797
16.490  -0.0049001
16.500  -0.0059799
16.510   0.0005503
16.520   0.0102810
16.530   0.0138210
16.540   0.0073209
16.550   0.0009211
16.560   0.0096313
16.570   0.0277020
16.580   0.0270620
16.590  -0.0009681
16.600  -0.0271380
16.610  -0.0304380
16.620  -0.0248780
16.630  -0.0203770
16.640  -0.0087871
16.650   0.0010031
16.660  -0.0063067
16.670  -0.0142370
16.680  -0.0058563
16.690  -0.0009561
16.700  -0.0112860
16.710  -0.0139460
16.720  -0.0033555
16.730   0.0007647
16.740   0.0044749
16.750   0.0213050
16.760   0.0265050
16.770   0.0040755
16.780  -0.0112040
16.790   0.0005059
16.800   0.0065761
16.810  -0.0103940
16.820  -0.0252040
16.830  -0.0262530
16.840  -0.0275430
16.850  -0.0299030
16.860  -0.0253130
16.870  -0.0198130
16.880  -0.0192120
16.890  -0.0168420
16.900  -0.0083020
16.910   0.0012182
16.920   0.0034584
16.930  -0.0046714
16.940  -0.0139410
16.950  -0.0126910
16.960  -0.0049708
16.970  -0.0005006
16.980   0.0028596
16.990   0.0074998
17.000   0.0091300
17.010   0.0116200
17.020   0.0193500
17.030   0.0209410
17.040   0.0083808
17.050  -0.0087790
17.060  -0.0217790
17.070  -0.0238590
17.080  -0.0051984
17.090   0.0189020
17.100   0.0140620
17.110  -0.0122480
17.120  -0.0190480
17.130  -0.0076174
17.140  -0.0079272
17.150  -0.0076470
17.160   0.0166230
17.170   0.0379230
17.180   0.0309040
17.190   0.0243340
17.200   0.0367640
17.210   0.0373940
17.220   0.0153040
17.230   0.0023446
17.240   0.0057948
17.250   0.0016250
17.260  -0.0082448
17.270  -0.0067946
17.280  -0.0039844
17.290  -0.0088642
17.300  -0.0049840
17.310   0.0089462
17.320   0.0113460
17.330   0.0026466
17.340  -0.0027332
17.350  -0.0115730
17.360  -0.0239530
17.370  -0.0161830
17.380   0.0073476
17.390   0.0122180
17.400   0.0011480
17.410   0.0036682
17.420   0.0084784
17.430  -0.0109310
17.440  -0.0353210
17.450  -0.0365510
17.460  -0.0278410
17.470  -0.0244310
17.480  -0.0118100
17.490   0.0142400
17.500   0.0316100
17.510   0.0306800
17.520   0.0244500
17.530   0.0204510
17.540   0.0148210
17.550   0.0066209
17.560  -0.0012089
17.570  -0.0064887
17.580  -0.0057285
17.590   0.0036117
17.600   0.0174720
17.610   0.0282420
17.620   0.0322920
17.630   0.0304330
17.640   0.0250430
17.650   0.0189930
17.660   0.0121030
17.670  -0.0002267
17.680  -0.0172760
17.690  -0.0277060
17.700  -0.0258860
17.710  -0.0222160
17.720  -0.0241260
17.730  -0.0236160
17.740  -0.0146250
17.750  -0.0022551
17.760   0.0096951
17.770   0.0180150
17.780   0.0133350
17.790  -0.0047243
17.800  -0.0210440
17.810  -0.0279240
17.820  -0.0305940
17.830  -0.0281740
17.840  -0.0188230
17.850  -0.0137730
17.860  -0.0186230
17.870  -0.0221530
17.880  -0.0205230
17.890  -0.0195820
17.900  -0.0125720
17.910   0.0045281
17.920   0.0136680
17.930   0.0091485
17.940   0.0121190
17.950   0.0218090
17.960   0.0125590
17.970  -0.0067607
17.980  -0.0042705
17.990   0.0100600
18.000   0.0080299
18.010   0.0019200
18.020   0.0097202
18.030   0.0133900
18.040   0.0038106
18.050   0.0008308
18.060   0.0036710
18.070  -0.0049488
18.080  -0.0103290
18.090   0.0068516
18.100   0.0244920
18.110   0.0189320
18.120   0.0054822
18.130   0.0019524
18.140   0.0024126
18.150   0.0027928
18.160   0.0075030
18.170   0.0115530
18.180   0.0066934
18.190  -0.0036964
18.200  -0.0088062
18.210  -0.0013760
18.220   0.0137740
18.230   0.0217040
18.240   0.0167250
18.250   0.0083248
18.260   0.0012950
18.270  -0.0079548
18.280  -0.0162350
18.290  -0.0199340
18.300  -0.0245440
18.310  -0.0284640
18.320  -0.0203440
18.330  -0.0011536
18.340   0.0172370
18.350   0.0280070
18.360   0.0240370
18.370   0.0018772
18.380  -0.0200930
18.390  -0.0245720
18.400  -0.0262120
18.410  -0.0377320
18.420  -0.0369420
18.430  -0.0111820
18.440   0.0125190
18.450   0.0171790
18.460   0.0205590
18.470   0.0296190
18.480   0.0286990
18.490   0.0177300
18.500   0.0094998
18.510  -0.0003100
18.520  -0.0184500
18.530  -0.0323900
18.540  -0.0313090
18.550  -0.0208390
18.560  -0.0070390
18.570   0.0065912
18.580   0.0125710
18.590   0.0122220
18.600   0.0160920
18.610   0.0218920
18.620   0.0205120
18.630   0.0193720
18.640   0.0256530
18.650   0.0250830
18.660   0.0111330
18.670   0.0039131
18.680   0.0106330
18.690   0.0086335
18.700  -0.0085663
18.710  -0.0157960
18.720  -0.0034459
18.730   0.0080243
18.740   0.0092545
18.750   0.0128950
18.760   0.0235350
18.770   0.0338650
18.780   0.0413350
18.790   0.0424160
18.800   0.0295560
18.810   0.0087059
18.820  -0.0060039
18.830  -0.0153940
18.840  -0.0237930
18.850  -0.0205930
18.860  -0.0040531
18.870   0.0052871
18.880   0.0001773
18.890  -0.0022425
18.900   0.0011477
18.910  -0.0055421
18.920  -0.0211720
18.930  -0.0290020
18.940  -0.0257820
18.950  -0.0179010
18.960  -0.0071411
18.970   0.0013591
18.980   0.0007593
18.990  -0.0039305
19.000  -0.0051803
19.010  -0.0055401
19.020  -0.0070699
19.030  -0.0070297
19.040  -0.0073395
19.050  -0.0082593
19.060  -0.0035591
19.070   0.0018011
19.080  -0.0065887
19.090  -0.0229990
19.100  -0.0264980
19.110  -0.0173680
19.120  -0.0121280
19.130  -0.0097877
19.140  -0.0008276
19.150   0.0049526
19.160  -0.0027672
19.170  -0.0079070
19.180   0.0038332
19.190   0.0143530
19.200   0.0059436
19.210  -0.0052662
19.220  -0.0034860
19.230  -0.0039558
19.240  -0.0154460
19.250  -0.0166850
19.260  -0.0015952
19.270   0.0035050
19.280  -0.0083148
19.290  -0.0125850
19.300  -0.0050544
19.310  -0.0064742
19.320  -0.0167840
19.330  -0.0188040
19.340  -0.0129040
19.350  -0.0062334
19.360   0.0050768
19.370   0.0173370
19.380   0.0194070
19.390   0.0186670
19.400   0.0273280
19.410   0.0325980
19.420   0.0192480
19.430   0.0011082
19.440  -0.0032416
19.450  -0.0002414
19.460  -0.0007912
19.470   0.0016790
19.480   0.0110790
19.490   0.0132190
19.500   0.0011296
19.510  -0.0083002
19.520  -0.0031400
19.530   0.0014702
19.540  -0.0079596
19.550  -0.0183890
19.560  -0.0165190
19.570  -0.0114990
19.580  -0.0117190
19.590  -0.0094786
19.600  -0.0022184
19.610  -0.0000282
19.620  -0.0058580
19.630  -0.0104780
19.640  -0.0065276
19.650   0.0019226
19.660   0.0021528
19.670  -0.0087770
19.680  -0.0115670
19.690   0.0062134
19.700   0.0226540
19.710   0.0170440
19.720   0.0048440
19.730   0.0020841
19.740  -0.0019657
19.750  -0.0103350
19.760  -0.0096853
19.770  -0.0047551
19.780  -0.0077949
19.790  -0.0079847
19.800   0.0037455
19.810   0.0135560
19.820   0.0156760
19.830   0.0187060
19.840   0.0180060
19.850   0.0087365
19.860   0.0060367
19.870   0.0149270
19.880   0.0164070
19.890   0.0041073
19.900  -0.0064925
19.910  -0.0073923
19.920  -0.0025621
19.930   0.0049081
19.940   0.0113980
19.950   0.0145390
19.960   0.0160590
19.970   0.0132590
19.980   0.0040491
19.990  -0.0017207
20.000   0.0015795
20.010   0.0044297
20.020   0.0045199
20.030   0.0104400
20.040   0.0173200
20.050   0.0138400
20.060   0.0066707
20.070   0.0080509
20.080   0.0146510
20.090   0.0170310
20.100   0.0128410
20.110   0.0050717
20.120  -0.0014581
20.130  -0.0045879
20.140  -0.0057577
20.150  -0.0036775
20.160   0.0006227
20.170  -0.0027671
20.180  -0.0135170
20.190  -0.0122870
20.200   0.0065835
20.210   0.0210540
20.220   0.0176740
20.230   0.0085941
20.240   0.0030743
20.250  -0.0044555
20.260  -0.0144450
20.270  -0.0179350
20.280  -0.0148250
20.290  -0.0167850
20.300  -0.0261850
20.310  -0.0278040
20.320  -0.0132040
20.330   0.0021360
20.340   0.0030262
20.350  -0.0044936
20.360  -0.0103130
20.370  -0.0128930
20.380  -0.0102830
20.390  -0.0052528
20.400  -0.0075626
20.410  -0.0110520
20.420   0.0000878
20.430   0.0158080
20.440   0.0154780
20.450   0.0068584
20.460   0.0041786
20.470   0.0002888
20.480  -0.0050010
20.490   0.0020092
20.500   0.0132390
20.510   0.0111600
20.520   0.0049198
20.530   0.0059000
20.540   0.0046202
20.550   0.0037104
20.560   0.0175310
20.570   0.0297310
20.580   0.0171010
20.590   0.0012112
20.600   0.0096914
20.610   0.0195520
20.620   0.0017218
20.630  -0.0221780
20.640  -0.0222780
20.650  -0.0123280
20.660  -0.0142670
20.670  -0.0168070
20.680  -0.0071070
20.690  -0.0010068
20.700  -0.0098066
20.710  -0.0156960
20.720  -0.0077062
20.730  -0.0046360
20.740  -0.0181760
20.750  -0.0307260
20.760  -0.0293850
20.770  -0.0243550
20.780  -0.0200050
20.790  -0.0078248
20.800   0.0047954
20.810   0.0018156
20.820  -0.0058542
20.830   0.0028160
20.840   0.0156760
20.850   0.0093964
20.860  -0.0044034
20.870  -0.0056633
20.880  -0.0072231
20.890  -0.0192930
20.900  -0.0184330
20.910   0.0007175
20.920   0.0041277
20.930  -0.0123920
20.940  -0.0099219
20.950   0.0123280
20.960   0.0126890
20.970  -0.0065413
20.980  -0.0041711
20.990   0.0162190
21.000   0.0185390
21.010   0.0052895
21.020  -0.0009903
21.030  -0.0073401
21.040  -0.0235700
21.050  -0.0323500
21.060  -0.0227190
21.070  -0.0088293
21.080  -0.0011791
21.090   0.0031411
21.100   0.0054213
21.110   0.0081215
21.120   0.0175420
21.130   0.0278920
21.140   0.0247620
21.150   0.0120320
21.160   0.0104220
21.170   0.0244230
21.180   0.0351330
21.190   0.0304730
21.200   0.0191030
21.210   0.0103330
21.220   0.0043237
21.230   0.0039739
21.240   0.0112040
21.250   0.0144440
21.260   0.0054045
21.270  -0.0027353
21.280   0.0020449
21.290   0.0087551
21.300   0.0052153
21.310  -0.0008345
21.320   0.0020457
21.330   0.0101160
21.340   0.0112860
21.350   0.0021163
21.360  -0.0073335
21.370  -0.0093533
21.380  -0.0124530
21.390  -0.0225330
21.400  -0.0248030
21.410  -0.0111030
21.420  -0.0012423
21.430  -0.0078521
21.440  -0.0125720
21.450  -0.0014618
21.460   0.0121780
21.470   0.0149890
21.480   0.0111990
21.490   0.0085290
21.500   0.0086392
21.510   0.0098494
21.520   0.0096296
21.530   0.0059098
21.540  -0.0035500
21.550  -0.0168200
21.560  -0.0217800
21.570  -0.0113490
21.580   0.0008808
21.590   0.0043210
21.600   0.0089412
21.610   0.0157110
21.620   0.0109320
21.630   0.0032318
21.640   0.0101120
21.650   0.0146120
21.660  -0.0025276
21.670  -0.0190370
21.680  -0.0141370
21.690  -0.0046870
21.700  -0.0037568
21.710  -0.0027766
21.720  -0.0015364
21.730  -0.0027262
21.740   0.0027540
21.750   0.0120040
21.760   0.0112040
21.770   0.0057346
21.780   0.0065548
21.790   0.0082350
21.800   0.0091152
21.810   0.0124550
21.820   0.0064556
21.830  -0.0108240
21.840  -0.0169040
21.850  -0.0099538
21.860  -0.0126240
21.870  -0.0207830
21.880  -0.0155930
21.890  -0.0072230
21.900  -0.0066728
21.910  -0.0002526
21.920   0.0118180
21.930   0.0129680
21.940   0.0093580
21.950   0.0118780
21.960   0.0100680
21.970   0.0043186
21.980   0.0081488
21.990   0.0095390
22.000  -0.0042708
22.010  -0.0105810
22.020   0.0011495
22.030   0.0035197
22.040  -0.0092201
22.050  -0.0116200
22.060  -0.0056097
22.070  -0.0091495
22.080  -0.0078793
22.090   0.0116910
22.100   0.0233810
22.110   0.0082313
22.120  -0.0119380
22.130  -0.0173080
22.140  -0.0158480
22.150  -0.0159580
22.160  -0.0150980
22.170  -0.0135470
22.180  -0.0125170
22.190  -0.0079571
22.200  -0.0000669
22.210   0.0027633
22.220  -0.0038965
22.230  -0.0134760
22.240  -0.0163360
22.250  -0.0110360
22.260  -0.0049957
22.270  -0.0029155
22.280   0.0002747
22.290   0.0078149
22.300   0.0104750
22.310   0.0027453
22.320  -0.0010445
22.330   0.0101760
22.340   0.0180960
22.350   0.0040161
22.360  -0.0127740
22.370  -0.0055135
22.380   0.0107470
22.390   0.0063969
22.400  -0.0087329
22.410  -0.0069427
22.420   0.0061975
22.430   0.0083077
22.440   0.0022179
22.450   0.0019681
22.460   0.0038483
22.470   0.0028285
22.480   0.0076287
22.490   0.0155390
22.500   0.0072791
22.510  -0.0155210
22.520  -0.0267410
22.530  -0.0198400
22.540  -0.0129100
22.550  -0.0097199
22.560  -0.0017697
22.570   0.0023605
22.580  -0.0043493
22.590  -0.0040892
22.600   0.0101110
22.610   0.0145010
22.620   0.0013214
22.630  -0.0052884
22.640   0.0014518
22.650   0.0022720
22.660  -0.0031878
22.670   0.0001124
22.680   0.0040126
22.690  -0.0047772
22.700  -0.0095870
22.710   0.0051432
22.720   0.0177230
22.730   0.0078536
22.740  -0.0044162
22.750   0.0012040
22.760   0.0080542
22.770   0.0041244
22.780   0.0097946
22.790   0.0273050
22.800   0.0253050
22.810   0.0057252
22.820   0.0084254
22.830   0.0285260
22.840   0.0213960
22.850  -0.0045940
22.860  -0.0030738
22.870   0.0166160
22.880   0.0138370
22.890  -0.0000432
22.900   0.0043170
22.910   0.0101970
22.920  -0.0009226
22.930  -0.0072024
22.940   0.0020578
22.950   0.0025480
22.960  -0.0132320
22.970  -0.0243420
22.980  -0.0232510
22.990  -0.0178410
23.000  -0.0077610
23.010   0.0048692
23.020   0.0068494
23.030  -0.0017904
23.040  -0.0038102
23.050   0.0050500
23.060   0.0102400
23.070   0.0057004
23.080   0.0006006
23.090  -0.0001992
23.100   0.0004410
23.110   0.0042512
23.120   0.0119810
23.130   0.0130720
23.140   0.0020918
23.150  -0.0069580
23.160  -0.0042579
23.170  -0.0028577
23.180  -0.0117670
23.190  -0.0167570
23.200  -0.0098271
23.210  -0.0047969
23.220  -0.0051167
23.230   0.0045135
23.240   0.0194840
23.250   0.0148140
23.260  -0.0053659
23.270  -0.0086557
23.280   0.0080745
23.290   0.0154750
23.300   0.0065149
23.310  -0.0002349
23.320  -0.0027847
23.330  -0.0083345
23.340  -0.0052343
23.350   0.0092259
23.360   0.0096961
23.370  -0.0087937
23.380  -0.0142830
23.390   0.0018767
23.400   0.0102870
23.410   0.0022171
23.420  -0.0020527
23.430  -0.0006225
23.440  -0.0054523
23.450  -0.0085021
23.460  -0.0003419
23.470   0.0060283
23.480   0.0005785
23.490  -0.0069513
23.500  -0.0074911
23.510  -0.0025909
23.520   0.0025193
23.530   0.0011095
23.540  -0.0064003
23.550  -0.0082401
23.560  -0.0023999
23.570  -0.0019697
23.580  -0.0078795
23.590  -0.0091293
23.600  -0.0099591
23.610  -0.0169890
23.620  -0.0164290
23.630  -0.0028785
23.640   0.0033417
23.650  -0.0032781
23.660  -0.0039679
23.670   0.0009523
23.680  -0.0033775
23.690  -0.0072273
23.700   0.0004128
23.710   0.0008630
23.720  -0.0117470
23.730  -0.0098665
23.740   0.0097236
23.750   0.0149040
23.760   0.0016540
23.770  -0.0035758
23.780   0.0008044
23.790   0.0005946
23.800   0.0030448
23.810   0.0113150
23.820   0.0058352
23.830  -0.0125250
23.840  -0.0147940
23.850   0.0024158
23.860   0.0119060
23.870   0.0057962
23.880  -0.0004736
23.890  -0.0029834
23.900  -0.0064332
23.910  -0.0059630
23.920  -0.0012428
23.930  -0.0036826
23.940  -0.0124820
23.950  -0.0129320
23.960  -0.0040620
23.970   0.0030282
23.980   0.0082684
23.990   0.0136390
24.000   0.0097988
24.010  -0.0005110
24.020   0.0025592
24.030   0.0171190
24.040   0.0182500
24.050   0.0056798
24.060   0.0029100
24.070   0.0110600
24.080   0.0126800
24.090   0.0077206
24.100   0.0051308
24.110   0.0022010
24.120  -0.0012388
24.130   0.0034714
24.140   0.0132720
24.150   0.0136220
24.160   0.0024720
24.170  -0.0059678
24.180  -0.0021676
24.190   0.0057426
24.200   0.0055328
24.210   0.0008830
24.220   0.0019632
24.230   0.0032834
24.240  -0.0026464
24.250  -0.0038662
24.260   0.0058940
24.270   0.0073342
24.280  -0.0068856
24.290  -0.0139150
24.300  -0.0034353
24.310   0.0074349
24.320   0.0100050
24.330   0.0093053
24.340   0.0029655
24.350  -0.0064643
24.360  -0.0033941
24.370   0.0094761
24.380   0.0074163
24.390  -0.0128030
24.400  -0.0245330
24.410  -0.0151530
24.420  -0.0019329
24.430   0.0018373
24.440   0.0042375
24.450   0.0100480
24.460   0.0083279
24.470  -0.0020419
24.480  -0.0040117
24.490   0.0041685
24.500   0.0015787
24.510  -0.0129710
24.520  -0.0143610
24.530   0.0001493
24.540   0.0055095
24.550  -0.0026103
24.560  -0.0059301
24.570  -0.0036799
24.580  -0.0051097
24.590  -0.0021795
24.600   0.0084807
24.610   0.0091109
24.620  -0.0027289
24.630  -0.0035387
24.640   0.0111410
24.650   0.0184320
24.660   0.0116220
24.670   0.0055121
24.680   0.0024123
24.690  -0.0045375
24.700  -0.0072273
24.710   0.0017329
24.720   0.0080031
24.730   0.0000233
24.740  -0.0086165
24.750  -0.0049463
24.760   0.0004739
24.770  -0.0032659
24.780  -0.0078957
24.790  -0.0068055
24.800  -0.0080553
24.810  -0.0123250
24.820  -0.0078649
24.830   0.0018653
24.840  -0.0011045
24.850  -0.0141740
24.860  -0.0165440
24.870  -0.0072039
24.880  -0.0028338
24.890  -0.0048136
24.900  -0.0041034
24.910  -0.0037732
24.920  -0.0064430
24.930  -0.0019928
24.940   0.0104370
24.950   0.0166380
24.960   0.0141180
24.970   0.0129380
24.980   0.0110380
24.990   0.0022384
25.000  -0.0032614
25.010   0.0014488
25.020   0.0009890
25.030  -0.0107210
25.040  -0.0109510
25.050   0.0093296
25.060   0.0216000
25.070   0.0087400
25.080  -0.0056898
25.090  -0.0039896
25.100  -0.0009294
25.110  -0.0033692
25.120   0.0019310
25.130   0.0090612
25.140  -0.0003986
25.150  -0.0129280
25.160  -0.0040882
25.170   0.0114520
25.180   0.0075422
25.190  -0.0042776
25.200  -0.0029474
25.210   0.0024028
25.220  -0.0002670
25.230  -0.0010168
25.240   0.0042534
25.250   0.0035736
25.260  -0.0015162
25.270   0.0043040
25.280   0.0185440
25.290   0.0224440
25.300   0.0114250
25.310  -0.0002152
25.320  -0.0015250
25.330   0.0030152
25.340   0.0021754
25.350  -0.0066944
25.360  -0.0145240
25.370  -0.0139340
25.380  -0.0074638
25.390   0.0006964
25.400   0.0085666
25.410   0.0101570
25.420   0.0024570
25.430  -0.0045028
25.440  -0.0018726
25.450   0.0034075
25.460   0.0031077
25.470  -0.0001121
25.480  -0.0042319
25.490  -0.0100620
25.500  -0.0105910
25.510  -0.0019713
25.520   0.0027189
25.530  -0.0061009
25.540  -0.0156610
25.550  -0.0115100
25.560   0.0014297
25.570   0.0099999
25.580   0.0066501
25.590  -0.0085897
25.600  -0.0231190
25.610  -0.0192390
25.620  -0.0011191
25.630   0.0060211
25.640  -0.0045987
25.650  -0.0115280
25.660  -0.0039583
25.670   0.0046519
25.680   0.0066621
25.690   0.0067823
25.700   0.0018525
25.710  -0.0086473
25.720  -0.0071371
25.730   0.0119330
25.740   0.0245630
25.750   0.0170530
25.760   0.0045637
25.770  -0.0028761
25.780  -0.0075859
25.790  -0.0031957
25.800   0.0087745
25.810   0.0079347
25.820  -0.0049351
25.830  -0.0024949
25.840   0.0159850
25.850   0.0234750
25.860   0.0160560
25.870   0.0085059
25.880   0.0006361
25.890  -0.0075937
25.900  -0.0053635
25.910   0.0012067
25.920  -0.0037131
25.930  -0.0119730
25.940  -0.0094627
25.950  -0.0035925
25.960   0.0000677
25.970   0.0083279
25.980   0.0126180
25.990   0.0003383
26.000  -0.0103520
26.010   0.0023987
26.020   0.0212290
26.030   0.0180590
26.040  -0.0012608
26.050  -0.0137910
26.060  -0.0131700
26.070  -0.0058802
26.080   0.0022700
26.090   0.0058502
26.100   0.0017804
26.110  -0.0052394
26.120  -0.0060992
26.130   0.0030810
26.140   0.0132610
26.150   0.0090314
26.160  -0.0086484
26.170  -0.0181280
26.180  -0.0091980
26.190   0.0016622
26.200   0.0028924
26.210   0.0034826
26.220   0.0045828
26.230  -0.0031670
26.240  -0.0084168
26.250   0.0050234
26.260   0.0170540
26.270   0.0023438
26.280  -0.0164060
26.290  -0.0067258
26.300   0.0128840
26.310   0.0102650
26.320  -0.0019352
26.330   0.0002550
26.340   0.0052852
26.350  -0.0015846
26.360  -0.0053044
26.370   0.0034858
26.380   0.0049560
26.390  -0.0101140
26.400  -0.0183040
26.410  -0.0051834
26.420   0.0074568
26.430  -0.0011030
26.440  -0.0172530
26.450  -0.0198430
26.460  -0.0124320
26.470  -0.0065822
26.480  -0.0004520
26.490   0.0057682
26.500   0.0017484
26.510  -0.0097114
26.520  -0.0107510
26.530   0.0011990
26.540   0.0087292
26.550   0.0022194
26.560  -0.0096604
26.570  -0.0136900
26.580  -0.0046800
26.590   0.0086101
26.600   0.0114900
26.610   0.0039805
26.620   0.0002707
26.630   0.0044509
26.640   0.0083811
26.650   0.0101510
26.660   0.0099415
26.670   0.0013517
26.680  -0.0103380
26.690  -0.0061979
26.700   0.0122920
26.710   0.0207230
26.720   0.0130730
26.730   0.0062029
26.740   0.0043231
26.750   0.0013333
26.760   0.0043335
26.770   0.0133740
26.780   0.0070439
26.790  -0.0143360
26.800  -0.0166560
26.810   0.0063045
26.820   0.0185950
26.830   0.0088649
26.840   0.0017951
26.850   0.0009453
26.860  -0.0057945
26.870  -0.0047643
26.880   0.0097059
26.890   0.0071461
26.900  -0.0161440
26.910  -0.0197340
26.920  -0.0004433
26.930   0.0025569
26.940  -0.0080629
26.950  -0.0021227
26.960   0.0043875
26.970  -0.0090123
26.980  -0.0100820
26.990   0.0156380
27.000   0.0233380
27.010  -0.0012015
27.020  -0.0134910
27.030  -0.0007011
27.040   0.0059791
27.050   0.0035693
27.060   0.0072995
27.070   0.0044997
27.080  -0.0104000
27.090  -0.0122100
27.100   0.0036203
27.110   0.0117700
27.120   0.0064307
27.130   0.0001709
27.140  -0.0055089
27.150  -0.0058287
27.160   0.0090715
27.170   0.0223520
27.180   0.0090618
27.190  -0.0156980
27.200  -0.0180880
27.210   0.0015524
27.220   0.0160430
27.230   0.0108730
27.240  -0.0056470
27.250  -0.0152170
27.260  -0.0080266
27.270   0.0060336
27.280   0.0117540
27.290   0.0078540
27.300   0.0010342
27.310  -0.0033356
27.320   0.0008346
27.330   0.0114950
27.340   0.0135650
27.350   0.0020752
27.360  -0.0077146
27.370  -0.0063144
27.380  -0.0002742
27.390   0.0055060
27.400   0.0068262
27.410  -0.0060936
27.420  -0.0257430
27.430  -0.0246230
27.440  -0.0002030
27.450   0.0144270
27.460   0.0048874
27.470  -0.0048524
27.480  -0.0006022
27.490   0.0041980
27.500   0.0047182
27.510   0.0074684
27.520   0.0022186
27.530  -0.0179710
27.540  -0.0281610
27.550  -0.0109810
27.560   0.0079894
27.570   0.0044096
27.580  -0.0081302
27.590  -0.0116900
27.600  -0.0066598
27.610   0.0054004
27.620   0.0182610
27.630   0.0154210
27.640  -0.0009790
27.650  -0.0083688
27.660  -0.0022886
27.670   0.0035016
27.680   0.0046118
27.690  -0.0007480
27.700  -0.0146580
27.710  -0.0208380
27.720  -0.0074174
27.730   0.0044228
27.740  -0.0011571
27.750  -0.0075869
27.760  -0.0068767
27.770  -0.0078165
27.780  -0.0011663
27.790   0.0169040
27.800   0.0177640
27.810  -0.0044057
27.820  -0.0116850
27.830   0.0053247
27.840   0.0145250
27.850   0.0098351
27.860   0.0073953
27.870  -0.0013545
27.880  -0.0180740
27.890  -0.0115240
27.900   0.0203860
27.910   0.0326560
27.920   0.0112470
27.930  -0.0062433
27.940  -0.0004431
27.950   0.0093971
27.960   0.0109770
27.970   0.0069875
27.980  -0.0062223
27.990  -0.0243820
28.000  -0.0241720
28.010   0.0010183
28.020   0.0215990
28.030   0.0140290
28.040  -0.0050611
28.050  -0.0084309
28.060   0.0037693
28.070   0.0145490
28.080   0.0154200
28.090   0.0067299
28.100  -0.0065599
28.110  -0.0110500
28.120   0.0024805
28.130   0.0195810
28.140   0.0162010
28.150  -0.0069889
28.160  -0.0239390
28.170  -0.0176190
28.180   0.0011317
28.190   0.0107420
28.200   0.0035221
28.210  -0.0098977
28.220  -0.0138280
28.230  -0.0025173
28.240   0.0143430
28.250   0.0213130
28.260   0.0135130
28.270  -0.0018065
28.280  -0.0156360
28.290  -0.0178560
28.300  -0.0023159
28.310   0.0114540
28.320  -0.0059756
28.330  -0.0376850
28.340  -0.0344950
28.350  -0.0000650
28.360   0.0141950
28.370   0.0008054
28.380  -0.0070044
28.390  -0.0081942
28.400  -0.0137040
28.410  -0.0035138
28.420   0.0204760
28.430   0.0149970
28.440  -0.0210530
28.450  -0.0343830
28.460  -0.0098228
28.470   0.0136670
28.480   0.0131080
28.490  -0.0016122
28.500  -0.0165820
28.510  -0.0174520
28.520   0.0030384
28.530   0.0249290
28.540   0.0207290
28.550  -0.0045610
28.560  -0.0205510
28.570  -0.0127610
28.580   0.0063996
28.590   0.0197000
28.600   0.0153600
28.610  -0.0088898
28.620  -0.0285700
28.630  -0.0116790
28.640   0.0242110
28.650   0.0284210
28.660  -0.0020688
28.670   0.0000000
28.680   0.0000000
