

 0.000   0.0000000
 0.010  -0.0036592
 0.020  -0.0100260
 0.030  -0.0140270
 0.040  -0.0133660
 0.050  -0.0153270
 0.060  -0.0229080
 0.070  -0.0251470
 0.080  -0.0086722
 0.090   0.0189440
 0.100   0.0352480
 0.110   0.0345840
 0.120   0.0305240
 0.130   0.0316940
 0.140   0.0334780
 0.150   0.0332060
 0.160   0.0348740
 0.170   0.0391060
 0.180   0.0404150
 0.190   0.0368810
 0.200   0.0296790
 0.210   0.0161720
 0.220  -0.0032634
 0.230  -0.0177700
 0.240  -0.0184880
 0.250  -0.0112500
 0.260  -0.0047985
 0.270   0.0031086
 0.280   0.0154910
 0.290   0.0216960
 0.300   0.0096641
 0.310  -0.0128400
 0.320  -0.0223480
 0.330  -0.0052939
 0.340   0.0278230
 0.350   0.0507840
 0.360   0.0423980
 0.370   0.0043556
 0.380  -0.0384620
 0.390  -0.0608710
 0.400  -0.0597900
 0.410  -0.0485040
 0.420  -0.0357310
 0.430  -0.0223150
 0.440  -0.0131870
 0.450  -0.0144910
 0.460  -0.0207700
 0.470  -0.0206680
 0.480  -0.0158020
 0.490  -0.0163400
 0.500  -0.0192330
 0.510  -0.0095236
 0.520   0.0131120
 0.530   0.0295660
 0.540   0.0280590
 0.550   0.0196610
 0.560   0.0203660
 0.570   0.0318290
 0.580   0.0458820
 0.590   0.0559530
 0.600   0.0569560
 0.610   0.0431850
 0.620   0.0163720
 0.630  -0.0102680
 0.640  -0.0239950
 0.650  -0.0254980
 0.660  -0.0232660
 0.670  -0.0205650
 0.680  -0.0167820
 0.690  -0.0152010
 0.700  -0.0181160
 0.710  -0.0182370
 0.720  -0.0088085
 0.730   0.0028466
 0.740   0.0060855
 0.750   0.0034817
 0.760  -0.0012401
 0.770  -0.0192970
 0.780  -0.0542620
 0.790  -0.0749020
 0.800  -0.0466820
 0.810   0.0148940
 0.820   0.0585770
 0.830   0.0638150
 0.840   0.0544320
 0.850   0.0491990
 0.860   0.0401530
 0.870   0.0249070
 0.880   0.0212220
 0.890   0.0375640
 0.900   0.0564040
 0.910   0.0555340
 0.920   0.0283890
 0.930  -0.0185810
 0.940  -0.0677830
 0.950  -0.0905580
 0.960  -0.0663360
 0.970  -0.0089178
 0.980   0.0393180
 0.990   0.0442460
 1.000   0.0092713
 1.010  -0.0333300
 1.020  -0.0569710
 1.030  -0.0632850
 1.040  -0.0664150
 1.050  -0.0649770
 1.060  -0.0445880
 1.070  -0.0056744
 1.080   0.0319970
 1.090   0.0547340
 1.100   0.0643690
 1.110   0.0624420
 1.120   0.0471120
 1.130   0.0259970
 1.140   0.0081028
 1.150  -0.0124910
 1.160  -0.0417800
 1.170  -0.0635210
 1.180  -0.0605740
 1.190  -0.0474210
 1.200  -0.0483450
 1.210  -0.0566530
 1.220  -0.0510320
 1.230  -0.0372850
 1.240  -0.0333690
 1.250  -0.0305130
 1.260  -0.0129220
 1.270  -0.0015308
 1.280  -0.0289870
 1.290  -0.0814270
 1.300  -0.1102600
 1.310  -0.0951870
 1.320  -0.0535880
 1.330  -0.0015573
 1.340   0.0555820
 1.350   0.1029500
 1.360   0.1247200
 1.370   0.1227400
 1.380   0.1015600
 1.390   0.0510540
 1.400  -0.0295560
 1.410  -0.1118200
 1.420  -0.1677500
 1.430  -0.1957700
 1.440  -0.1990000
 1.450  -0.1689700
 1.460  -0.1141800
 1.470  -0.0705030
 1.480  -0.0578810
 1.490  -0.0537210
 1.500  -0.0315950
 1.510   0.0028472
 1.520   0.0337530
 1.530   0.0633030
 1.540   0.0951640
 1.550   0.1153500
 1.560   0.1106200
 1.570   0.0886600
 1.580   0.0634880
 1.590   0.0371860
 1.600   0.0106810
 1.610  -0.0020803
 1.620   0.0093568
 1.630   0.0276250
 1.640   0.0197510
 1.650  -0.0217050
 1.660  -0.0657810
 1.670  -0.0790200
 1.680  -0.0619820
 1.690  -0.0380910
 1.700  -0.0201240
 1.710  -0.0053304
 1.720   0.0067970
 1.730   0.0147300
 1.740   0.0281180
 1.750   0.0557860
 1.760   0.0833790
 1.770   0.0848230
 1.780   0.0584800
 1.790   0.0333930
 1.800   0.0368070
 1.810   0.0677080
 1.820   0.1032800
 1.830   0.1221700
 1.840   0.1194600
 1.850   0.1052600
 1.860   0.0893750
 1.870   0.0701220
 1.880   0.0414380
 1.890   0.0066033
 1.900  -0.0250500
 1.910  -0.0507030
 1.920  -0.0735080
 1.930  -0.0908190
 1.940  -0.0933690
 1.950  -0.0746760
 1.960  -0.0335820
 1.970   0.0306010
 1.980   0.1119200
 1.990   0.1821300
 2.000   0.1937900
 2.010   0.1216400
 2.020   0.0037251
 2.030  -0.0798670
 2.040  -0.0831140
 2.050  -0.0303720
 2.060   0.0330300
 2.070   0.0948120
 2.080   0.1534700
 2.090   0.1767300
 2.100   0.1324300
 2.110   0.0452310
 2.120  -0.0213980
 2.130  -0.0337170
 2.140  -0.0076052
 2.150   0.0220490
 2.160   0.0239550
 2.170  -0.0157530
 2.180  -0.0727230
 2.190  -0.0984470
 2.200  -0.0768020
 2.210  -0.0423030
 2.220  -0.0268850
 2.230  -0.0205170
 2.240  -0.0039696
 2.250   0.0102710
 2.260  -0.0071540
 2.270  -0.0594520
 2.280  -0.1084900
 2.290  -0.1017200
 2.300  -0.0274580
 2.310   0.0552460
 2.320   0.0703700
 2.330   0.0162270
 2.340  -0.0375190
 2.350  -0.0526110
 2.360  -0.0657730
 2.370  -0.1078900
 2.380  -0.1387400
 2.390  -0.1032000
 2.400  -0.0104790
 2.410   0.0823380
 2.420   0.1399000
 2.430   0.1680100
 2.440   0.1838600
 2.450   0.1990300
 2.460   0.2224400
 2.470   0.2534300
 2.480   0.2720800
 2.490   0.2520300
 2.500   0.1851500
 2.510   0.0887690
 2.520  -0.0079862
 2.530  -0.0781670
 2.540  -0.1048000
 2.550  -0.0921960
 2.560  -0.0774890
 2.570  -0.1058800
 2.580  -0.1749300
 2.590  -0.2225600
 2.600  -0.2023200
 2.610  -0.1458800
 2.620  -0.1159600
 2.630  -0.1224600
 2.640  -0.1348000
 2.650  -0.1514900
 2.660  -0.1872800
 2.670  -0.1988400
 2.680  -0.1091200
 2.690   0.0728070
 2.700   0.2313700
 2.710   0.2805600
 2.720   0.2570500
 2.730   0.2462200
 2.740   0.2741000
 2.750   0.3106200
 2.760   0.3295500
 2.770   0.3197400
 2.780   0.2674800
 2.790   0.1674900
 2.800   0.0403100
 2.810  -0.0854490
 2.820  -0.1994600
 2.830  -0.3013200
 2.840  -0.3770000
 2.850  -0.4049500
 2.860  -0.3900100
 2.870  -0.3698700
 2.880  -0.3663600
 2.890  -0.3406300
 2.900  -0.2328400
 2.910  -0.0506580
 2.920   0.1252700
 2.930   0.2362600
 2.940   0.3006800
 2.950   0.3594500
 2.960   0.4192000
 2.970   0.4646000
 2.980   0.4749600
 2.990   0.4119800
 3.000   0.2498900
 3.010   0.0372880
 3.020  -0.1246400
 3.030  -0.1888200
 3.040  -0.2004500
 3.050  -0.2180300
 3.060  -0.2479900
 3.070  -0.2727600
 3.080  -0.2920500
 3.090  -0.3079600
 3.100  -0.3001200
 3.110  -0.2433100
 3.120  -0.1433400
 3.130  -0.0410820
 3.140   0.0241910
 3.150   0.0546290
 3.160   0.0868880
 3.170   0.1398700
 3.180   0.1878500
 3.190   0.1979300
 3.200   0.1755400
 3.210   0.1510500
 3.220   0.1379800
 3.230   0.1261300
 3.240   0.1086900
 3.250   0.0953270
 3.260   0.1037200
 3.270   0.1436200
 3.280   0.2004200
 3.290   0.2284200
 3.300   0.1810700
 3.310   0.0571900
 3.320  -0.0903860
 3.330  -0.2036800
 3.340  -0.2662200
 3.350  -0.2998700
 3.360  -0.3278700
 3.370  -0.3575000
 3.380  -0.3852900
 3.390  -0.3954100
 3.400  -0.3480100
 3.410  -0.2029800
 3.420   0.0229380
 3.430   0.2430200
 3.440   0.3776900
 3.450   0.4267900
 3.460   0.4372200
 3.470   0.4156100
 3.480   0.3271400
 3.490   0.1735000
 3.500   0.0164780
 3.510  -0.0912890
 3.520  -0.1409100
 3.530  -0.1236700
 3.540  -0.0225080
 3.550   0.1210100
 3.560   0.2046400
 3.570   0.1822000
 3.580   0.1230400
 3.590   0.1007600
 3.600   0.0806140
 3.610  -0.0084669
 3.620  -0.1431300
 3.630  -0.2358200
 3.640  -0.2645200
 3.650  -0.2776100
 3.660  -0.2896300
 3.670  -0.2683900
 3.680  -0.2267100
 3.690  -0.2340600
 3.700  -0.3130400
 3.710  -0.3980600
 3.720  -0.4272700
 3.730  -0.4176100
 3.740  -0.4171800
 3.750  -0.4318000
 3.760  -0.4242700
 3.770  -0.3544600
 3.780  -0.1923600
 3.790   0.0723630
 3.800   0.3992100
 3.810   0.6856700
 3.820   0.8242500
 3.830   0.7650500
 3.840   0.5213800
 3.850   0.1402800
 3.860  -0.3117200
 3.870  -0.7514100
 3.880  -1.0974000
 3.890  -1.3024000
 3.900  -1.3669000
 3.910  -1.3104000
 3.920  -1.1550000
 3.930  -0.9464700
 3.940  -0.7713100
 3.950  -0.7075400
 3.960  -0.7543600
 3.970  -0.8339100
 3.980  -0.8764200
 3.990  -0.8779200
 4.000  -0.8622300
 4.010  -0.8285600
 4.020  -0.7679000
 4.030  -0.6978000
 4.040  -0.6392300
 4.050  -0.5828800
 4.060  -0.5107300
 4.070  -0.4337400
 4.080  -0.3795700
 4.090  -0.3565900
 4.100  -0.3484100
 4.110  -0.3308000
 4.120  -0.2816100
 4.130  -0.1926000
 4.140  -0.0793620
 4.150   0.0338930
 4.160   0.1424900
 4.170   0.2572100
 4.180   0.3874100
 4.190   0.5431500
 4.200   0.7347900
 4.210   0.9398200
 4.220   1.0931000
 4.230   1.1395000
 4.240   1.0918000
 4.250   1.0289000
 4.260   1.0507000
 4.270   1.2155000
 4.280   1.4896000
 4.290   1.7831000
 4.300   2.0569000
 4.310   2.3376000
 4.320   2.6098000
 4.330   2.7943000
 4.340   2.8824000
 4.350   2.9649000
 4.360   3.0375000
 4.370   2.9132000
 4.380   2.4538000
 4.390   1.7707000
 4.400   1.0660000
 4.410   0.3896900
 4.420  -0.2998900
 4.430  -0.9552100
 4.440  -1.4790000
 4.450  -1.8633000
 4.460  -2.1326000
 4.470  -2.2328000
 4.480  -2.1005000
 4.490  -1.7817000
 4.500  -1.3746000
 4.510  -0.9310000
 4.520  -0.4805500
 4.530  -0.0643500
 4.540   0.3344300
 4.550   0.7848300
 4.560   1.2392000
 4.570   1.5051000
 4.580   1.4872000
 4.590   1.3402000
 4.600   1.2462000
 4.610   1.1803000
 4.620   1.0084000
 4.630   0.7162900
 4.640   0.3977700
 4.650   0.1016000
 4.660  -0.1923700
 4.670  -0.4965800
 4.680  -0.7959100
 4.690  -1.0506000
 4.700  -1.1883000
 4.710  -1.1819000
 4.720  -1.1354000
 4.730  -1.1688000
 4.740  -1.2201000
 4.750  -1.1208000
 4.760  -0.8625600
 4.770  -0.6090800
 4.780  -0.4247800
 4.790  -0.2008200
 4.800   0.1208300
 4.810   0.4322800
 4.820   0.6203600
 4.830   0.6711000
 4.840   0.5939600
 4.850   0.3952800
 4.860   0.1609800
 4.870   0.0146160
 4.880  -0.0370040
 4.890  -0.1058100
 4.900  -0.2556500
 4.910  -0.4363700
 4.920  -0.5883300
 4.930  -0.7195600
 4.940  -0.8565700
 4.950  -0.9816200
 4.960  -1.0340000
 4.970  -0.9599100
 4.980  -0.7655800
 4.990  -0.5204100
 5.000  -0.2670600
 5.010   0.0373700
 5.020   0.4293300
 5.030   0.8189900
 5.040   1.0582000
 5.050   1.1058000
 5.060   1.0435000
 5.070   0.9473100
 5.080   0.8251300
 5.090   0.6630900
 5.100   0.4535200
 5.110   0.1942600
 5.120  -0.0821360
 5.130  -0.3022500
 5.140  -0.4337600
 5.150  -0.5239800
 5.160  -0.6027800
 5.170  -0.6132000
 5.180  -0.5162000
 5.190  -0.3961200
 5.200  -0.3745400
 5.210  -0.4668000
 5.220  -0.5990300
 5.230  -0.7114400
 5.240  -0.7589600
 5.250  -0.6669500
 5.260  -0.3987900
 5.270  -0.0505630
 5.280   0.2242500
 5.290   0.3836800
 5.300   0.5133800
 5.310   0.6755300
 5.320   0.8297000
 5.330   0.9189100
 5.340   0.9514600
 5.350   0.9453300
 5.360   0.8528400
 5.370   0.6194300
 5.380   0.2967600
 5.390   0.0217450
 5.400  -0.1257200
 5.410  -0.1798000
 5.420  -0.1984000
 5.430  -0.1906400
 5.440  -0.1613600
 5.450  -0.1491900
 5.460  -0.1710500
 5.470  -0.1870700
 5.480  -0.1656900
 5.490  -0.1262200
 5.500  -0.0767520
 5.510   0.0182550
 5.520   0.1583900
 5.530   0.2676800
 5.540   0.2948000
 5.550   0.2791900
 5.560   0.2581400
 5.570   0.1779000
 5.580  -0.0222590
 5.590  -0.2889200
 5.600  -0.4954500
 5.610  -0.5807300
 5.620  -0.5864500
 5.630  -0.5832300
 5.640  -0.6167900
 5.650  -0.7047600
 5.660  -0.8292000
 5.670  -0.9456200
 5.680  -1.0337000
 5.690  -1.1186000
 5.700  -1.2120000
 5.710  -1.2783000
 5.720  -1.2934000
 5.730  -1.2842000
 5.740  -1.2532000
 5.750  -1.1248000
 5.760  -0.8487000
 5.770  -0.5131700
 5.780  -0.2578000
 5.790  -0.1033800
 5.800   0.0372260
 5.810   0.2050000
 5.820   0.3556200
 5.830   0.4556900
 5.840   0.5177100
 5.850   0.5372600
 5.860   0.4862800
 5.870   0.3768300
 5.880   0.2627700
 5.890   0.1643700
 5.900   0.0524610
 5.910  -0.0817160
 5.920  -0.1940600
 5.930  -0.2417800
 5.940  -0.2258000
 5.950  -0.1661900
 5.960  -0.0731000
 5.970   0.0382180
 5.980   0.1289200
 5.990   0.1473200
 6.000   0.0609730
 6.010  -0.1194700
 6.020  -0.3404100
 6.030  -0.5442100
 6.040  -0.7099300
 6.050  -0.8440500
 6.060  -0.9349100
 6.070  -0.9553700
 6.080  -0.9164300
 6.090  -0.8621800
 6.100  -0.7907600
 6.110  -0.6379700
 6.120  -0.3715600
 6.130  -0.0559930
 6.140   0.2148800
 6.150   0.4130000
 6.160   0.5819700
 6.170   0.7698500
 6.180   0.9832400
 6.190   1.1832000
 6.200   1.3186000
 6.210   1.3666000
 6.220   1.3407000
 6.230   1.2633000
 6.240   1.1629000
 6.250   1.0829000
 6.260   1.0420000
 6.270   0.9919900
 6.280   0.8696700
 6.290   0.6841300
 6.300   0.4961200
 6.310   0.3328700
 6.320   0.1863500
 6.330   0.0751490
 6.340   0.0327340
 6.350   0.0435530
 6.360   0.0428490
 6.370  -0.0269070
 6.380  -0.1888800
 6.390  -0.4351700
 6.400  -0.7169500
 6.410  -0.9503800
 6.420  -1.0667000
 6.430  -1.0659000
 6.440  -1.0087000
 6.450  -0.9574700
 6.460  -0.9192000
 6.470  -0.8532800
 6.480  -0.7438400
 6.490  -0.6422100
 6.500  -0.6052000
 6.510  -0.6161200
 6.520  -0.6143900
 6.530  -0.5821500
 6.540  -0.5572100
 6.550  -0.5717700
 6.560  -0.6121800
 6.570  -0.6227900
 6.580  -0.5363700
 6.590  -0.3393700
 6.600  -0.1203800
 6.610  -0.0027612
 6.620  -0.0091855
 6.630  -0.0450490
 6.640  -0.0235810
 6.650   0.0522210
 6.660   0.1456000
 6.670   0.2538800
 6.680   0.3880600
 6.690   0.5370800
 6.700   0.6905300
 6.710   0.8631700
 6.720   1.0631000
 6.730   1.2521000
 6.740   1.3606000
 6.750   1.3471000
 6.760   1.2375000
 6.770   1.1035000
 6.780   0.9948600
 6.790   0.8986600
 6.800   0.7700300
 6.810   0.5920700
 6.820   0.3878200
 6.830   0.1959000
 6.840   0.0603450
 6.850   0.0340710
 6.860   0.1388600
 6.870   0.3147800
 6.880   0.4456800
 6.890   0.4634700
 6.900   0.4002800
 6.910   0.3281700
 6.920   0.2787500
 6.930   0.2504700
 6.940   0.2632800
 6.950   0.3579500
 6.960   0.5407000
 6.970   0.7629900
 6.980   0.9625000
 6.990   1.1036000
 7.000   1.1824000
 7.010   1.2169000
 7.020   1.2332000
 7.030   1.2509000
 7.040   1.2828000
 7.050   1.3412000
 7.060   1.4180000
 7.070   1.4563000
 7.080   1.3858000
 7.090   1.2038000
 7.100   0.9812900
 7.110   0.7687700
 7.120   0.5588400
 7.130   0.3563600
 7.140   0.2173400
 7.150   0.1726700
 7.160   0.1714100
 7.170   0.1385700
 7.180   0.0467130
 7.190  -0.0963190
 7.200  -0.2842600
 7.210  -0.4981800
 7.220  -0.7014600
 7.230  -0.8715300
 7.240  -1.0136000
 7.250  -1.1298000
 7.260  -1.2135000
 7.270  -1.2672000
 7.280  -1.3025000
 7.290  -1.3258000
 7.300  -1.3476000
 7.310  -1.3812000
 7.320  -1.4135000
 7.330  -1.3969000
 7.340  -1.2915000
 7.350  -1.0984000
 7.360  -0.8422000
 7.370  -0.5523000
 7.380  -0.2700200
 7.390  -0.0356350
 7.400   0.1439400
 7.410   0.2858600
 7.420   0.3916400
 7.430   0.4484700
 7.440   0.4690300
 7.450   0.4934300
 7.460   0.5418800
 7.470   0.5873000
 7.480   0.5868600
 7.490   0.5284300
 7.500   0.4376100
 7.510   0.3487800
 7.520   0.2781700
 7.530   0.2240200
 7.540   0.1803200
 7.550   0.1419400
 7.560   0.1014100
 7.570   0.0554500
 7.580   0.0236000
 7.590   0.0484150
 7.600   0.1549300
 7.610   0.3038200
 7.620   0.4027800
 7.630   0.3798000
 7.640   0.2343500
 7.650   0.0127250
 7.660  -0.2443900
 7.670  -0.5093200
 7.680  -0.7591800
 7.690  -0.9873700
 7.700  -1.1934000
 7.710  -1.3336000
 7.720  -1.3280000
 7.730  -1.1634000
 7.740  -0.9492900
 7.750  -0.8238600
 7.760  -0.8234900
 7.770  -0.8882800
 7.780  -0.9563800
 7.790  -1.0167000
 7.800  -1.0782000
 7.810  -1.1248000
 7.820  -1.0990000
 7.830  -0.9467900
 7.840  -0.6874700
 7.850  -0.4146400
 7.860  -0.1939600
 7.870  -0.0005930
 7.880   0.2155500
 7.890   0.4436500
 7.900   0.6308900
 7.910   0.7435100
 7.920   0.7790400
 7.930   0.7482800
 7.940   0.6780000
 7.950   0.6077000
 7.960   0.5616400
 7.970   0.5379600
 7.980   0.5248500
 7.990   0.5041700
 8.000   0.4431900
 8.010   0.3177400
 8.020   0.1373000
 8.030  -0.0677030
 8.040  -0.2743100
 8.050  -0.4632500
 8.060  -0.6131700
 8.070  -0.7105900
 8.080  -0.7596500
 8.090  -0.7747000
 8.100  -0.7780300
 8.110  -0.7959300
 8.120  -0.8442500
 8.130  -0.9142200
 8.140  -0.9787000
 8.150  -1.0035000
 8.160  -0.9582500
 8.170  -0.8356300
 8.180  -0.6707000
 8.190  -0.5198900
 8.200  -0.4177200
 8.210  -0.3623400
 8.220  -0.3362000
 8.230  -0.3151100
 8.240  -0.2659200
 8.250  -0.1648200
 8.260  -0.0219490
 8.270   0.1335600
 8.280   0.2880700
 8.290   0.4448100
 8.300   0.5962000
 8.310   0.7168400
 8.320   0.7803000
 8.330   0.7708800
 8.340   0.6887000
 8.350   0.5651900
 8.360   0.4584400
 8.370   0.4061000
 8.380   0.3902500
 8.390   0.3757300
 8.400   0.3689800
 8.410   0.4075900
 8.420   0.4970400
 8.430   0.5925700
 8.440   0.6422500
 8.450   0.6257900
 8.460   0.5560800
 8.470   0.4688000
 8.480   0.4003500
 8.490   0.3485400
 8.500   0.2652600
 8.510   0.1174700
 8.520  -0.0610050
 8.530  -0.2130800
 8.540  -0.3349000
 8.550  -0.4583100
 8.560  -0.5697500
 8.570  -0.6024100
 8.580  -0.5233500
 8.590  -0.3762000
 8.600  -0.2214300
 8.610  -0.0831510
 8.620   0.0133950
 8.630   0.0067498
 8.640  -0.1359300
 8.650  -0.3470500
 8.660  -0.5096300
 8.670  -0.5720600
 8.680  -0.5615000
 8.690  -0.5118400
 8.700  -0.4419000
 8.710  -0.3890800
 8.720  -0.3789100
 8.730  -0.3527900
 8.740  -0.2091600
 8.750   0.0586080
 8.760   0.3410000
 8.770   0.5567100
 8.780   0.7308000
 8.790   0.8989700
 8.800   1.0351000
 8.810   1.1290000
 8.820   1.2376000
 8.830   1.3928000
 8.840   1.5497000
 8.850   1.6928000
 8.860   1.8804000
 8.870   2.0840000
 8.880   2.1096000
 8.890   1.8205000
 8.900   1.3549000
 8.910   0.9729700
 8.920   0.7593800
 8.930   0.6093000
 8.940   0.4517500
 8.950   0.3205300
 8.960   0.2326700
 8.970   0.1283100
 8.980  -0.0430350
 8.990  -0.2664300
 9.000  -0.4980500
 9.010  -0.7100000
 9.020  -0.8883500
 9.030  -1.0214000
 9.040  -1.0931000
 9.050  -1.0941000
 9.060  -1.0462000
 9.070  -1.0078000
 9.080  -1.0238000
 9.090  -1.0811000
 9.100  -1.1291000
 9.110  -1.1268000
 9.120  -1.0538000
 9.130  -0.9139100
 9.140  -0.7521800
 9.150  -0.6314900
 9.160  -0.5647000
 9.170  -0.4992500
 9.180  -0.3855900
 9.190  -0.2365500
 9.200  -0.1048100
 9.210  -0.0273510
 9.220  -0.0002115
 9.230   0.0105340
 9.240   0.0449960
 9.250   0.1211800
 9.260   0.2200900
 9.270   0.3033100
 9.280   0.3499600
 9.290   0.3737400
 9.300   0.4055100
 9.310   0.4597500
 9.320   0.5189600
 9.330   0.5524300
 9.340   0.5508800
 9.350   0.5323100
 9.360   0.5180800
 9.370   0.5144900
 9.380   0.5177100
 9.390   0.5153500
 9.400   0.4842000
 9.410   0.4056600
 9.420   0.2956600
 9.430   0.2047600
 9.440   0.1809000
 9.450   0.2258100
 9.460   0.2814900
 9.470   0.2611000
 9.480   0.1194900
 9.490  -0.0997940
 9.500  -0.3018700
 9.510  -0.4283000
 9.520  -0.4871500
 9.530  -0.5081400
 9.540  -0.5061500
 9.550  -0.4989600
 9.560  -0.5180900
 9.570  -0.5817400
 9.580  -0.6726700
 9.590  -0.7540400
 9.600  -0.7870900
 9.610  -0.7309900
 9.620  -0.5569100
 9.630  -0.2764500
 9.640   0.0540490
 9.650   0.3661400
 9.660   0.6034600
 9.670   0.7313800
 9.680   0.7433300
 9.690   0.6679100
 9.700   0.5571200
 9.710   0.4551400
 9.720   0.3746200
 9.730   0.3074900
 9.740   0.2550800
 9.750   0.2330100
 9.760   0.2463900
 9.770   0.2727000
 9.780   0.2812700
 9.790   0.2600200
 9.800   0.2104300
 9.810   0.1251500
 9.820  -0.0054106
 9.830  -0.1695900
 9.840  -0.3332700
 9.850  -0.4649100
 9.860  -0.5506700
 9.870  -0.5914000
 9.880  -0.5948100
 9.890  -0.5739600
 9.900  -0.5416100
 9.910  -0.4994600
 9.920  -0.4338800
 9.930  -0.3300000
 9.940  -0.1955400
 9.950  -0.0697130
 9.960  -0.0041851
 9.970  -0.0306080
 9.980  -0.1431200
 9.990  -0.3078700
10.000  -0.4858100
10.010  -0.6526300
10.020  -0.8026000
10.030  -0.9383000
10.040  -1.0499000
10.050  -1.1078000
10.060  -1.0763000
10.070  -0.9394100
10.080  -0.7176300
10.090  -0.4614700
10.100  -0.2261600
10.110  -0.0422090
10.120   0.0870210
10.130   0.1663400
10.140   0.1969000
10.150   0.1891000
10.160   0.1701600
10.170   0.1654800
10.180   0.1791800
10.190   0.2075900
10.200   0.2653200
10.210   0.3756300
10.220   0.5353500
10.230   0.7048900
10.240   0.8385600
10.250   0.9137000
10.260   0.9331400
10.270   0.9095200
10.280   0.8538000
10.290   0.7720100
10.300   0.6709800
10.310   0.5595000
10.320   0.4421100
10.330   0.3144500
10.340   0.1765500
10.350   0.0387140
10.360  -0.0928930
10.370  -0.2263300
10.380  -0.3618400
10.390  -0.4788000
10.400  -0.5579900
10.410  -0.6000000
10.420  -0.6013300
10.430  -0.5437800
10.440  -0.4351000
10.450  -0.3309100
10.460  -0.2760600
10.470  -0.2485100
10.480  -0.1969300
10.490  -0.1103500
10.500  -0.0154290
10.510   0.0676670
10.520   0.1270800
10.530   0.1394700
10.540   0.0941440
10.550   0.0225770
10.560  -0.0277950
10.570  -0.0384420
10.580  -0.0153590
10.590   0.0347600
10.600   0.1034900
10.610   0.1760900
10.620   0.2455500
10.630   0.3108100
10.640   0.3551800
10.650   0.3510800
10.660   0.2941000
10.670   0.2056200
10.680   0.1018000
10.690  -0.0110400
10.700  -0.1108000
10.710  -0.1716100
10.720  -0.2023000
10.730  -0.2369600
10.740  -0.2836800
10.750  -0.3174100
10.760  -0.3210900
10.770  -0.2997100
10.780  -0.2540400
10.790  -0.1747600
10.800  -0.0694140
10.810   0.0349590
10.820   0.1235700
10.830   0.2059500
10.840   0.2870400
10.850   0.3465000
10.860   0.3562800
10.870   0.3098300
10.880   0.2303100
10.890   0.1555800
10.900   0.1169700
10.910   0.1264800
10.920   0.1826700
10.930   0.2781300
10.940   0.3918700
10.950   0.4809200
10.960   0.5032900
10.970   0.4557800
10.980   0.3751400
10.990   0.3012400
11.000   0.2537700
11.010   0.2433800
11.020   0.2771500
11.030   0.3450800
11.040   0.4192500
11.050   0.4766400
11.060   0.5116000
11.070   0.5249000
11.080   0.5139700
11.090   0.4764400
11.100   0.4186300
11.110   0.3610000
11.120   0.3319400
11.130   0.3407800
11.140   0.3606600
11.150   0.3586700
11.160   0.3426200
11.170   0.3513500
11.180   0.3989300
11.190   0.4550900
11.200   0.4806500
11.210   0.4517400
11.220   0.3586200
11.230   0.2153000
11.240   0.0697540
11.250  -0.0329430
11.260  -0.0943620
11.270  -0.1495800
11.280  -0.2128700
11.290  -0.2613500
11.300  -0.2626700
11.310  -0.2032600
11.320  -0.0988480
11.330   0.0062888
11.340   0.0676270
11.350   0.0828410
11.360   0.0921430
11.370   0.1262500
11.380   0.1707200
11.390   0.1896600
11.400   0.1663900
11.410   0.1053700
11.420   0.0114170
11.430  -0.1152900
11.440  -0.2651300
11.450  -0.4175400
11.460  -0.5523500
11.470  -0.6608200
11.480  -0.7429000
11.490  -0.8037500
11.500  -0.8451600
11.510  -0.8532000
11.520  -0.8000400
11.530  -0.6803300
11.540  -0.5380300
11.550  -0.4282100
11.560  -0.3507800
11.570  -0.2564200
11.580  -0.1229300
11.590   0.0135270
11.600   0.1134000
11.610   0.1812600
11.620   0.2396200
11.630   0.2905800
11.640   0.3223700
11.650   0.3294700
11.660   0.3065400
11.670   0.2456800
11.680   0.1550300
11.690   0.0605670
11.700  -0.0247800
11.710  -0.1166700
11.720  -0.2287000
11.730  -0.3413900
11.740  -0.4182900
11.750  -0.4490100
11.760  -0.4594100
11.770  -0.4777900
11.780  -0.5062800
11.790  -0.5341300
11.800  -0.5624500
11.810  -0.5974800
11.820  -0.6286000
11.830  -0.6341100
11.840  -0.6066700
11.850  -0.5557800
11.860  -0.4895300
11.870  -0.4122700
11.880  -0.3356100
11.890  -0.2693200
11.900  -0.2072200
11.910  -0.1446200
11.920  -0.1050000
11.930  -0.1217300
11.940  -0.1937100
11.950  -0.2803300
11.960  -0.3417300
11.970  -0.3669600
11.980  -0.3682400
11.990  -0.3663100
12.000  -0.3746500
12.010  -0.3818500
12.020  -0.3573300
12.030  -0.2922100
12.040  -0.2194200
12.050  -0.1747700
12.060  -0.1521700
12.070  -0.1203100
12.080  -0.0668240
12.090   0.0001112
12.100   0.0768200
12.110   0.1638500
12.120   0.2525500
12.130   0.3361700
12.140   0.4179700
12.150   0.4895700
12.160   0.5233900
12.170   0.5105200
12.180   0.4802500
12.190   0.4536300
12.200   0.4040300
12.210   0.3022000
12.220   0.1782700
12.230   0.0953960
12.240   0.0723590
12.250   0.0731470
12.260   0.0621310
12.270   0.0320320
12.280  -0.0142550
12.290  -0.0703900
12.300  -0.1150700
12.310  -0.1265600
12.320  -0.1112500
12.330  -0.0948990
12.340  -0.0877720
12.350  -0.0842670
12.360  -0.0909390
12.370  -0.1213600
12.380  -0.1627400
12.390  -0.1782600
12.400  -0.1522400
12.410  -0.1086900
12.420  -0.0791300
12.430  -0.0694240
12.440  -0.0668520
12.450  -0.0630910
12.460  -0.0610680
12.470  -0.0699380
12.480  -0.0993630
12.490  -0.1492900
12.500  -0.1993300
12.510  -0.2173800
12.520  -0.1856100
12.530  -0.1142400
12.540  -0.0262380
12.550   0.0655120
12.560   0.1597800
12.570   0.2542800
12.580   0.3430400
12.590   0.4246500
12.600   0.5009400
12.610   0.5661000
12.620   0.6072400
12.630   0.6206400
12.640   0.6193100
12.650   0.6190000
12.660   0.6235000
12.670   0.6271600
12.680   0.6255500
12.690   0.6172700
12.700   0.5996500
12.710   0.5660500
12.720   0.5101500
12.730   0.4317800
12.740   0.3401900
12.750   0.2483400
12.760   0.1671200
12.770   0.1033200
12.780   0.0633430
12.790   0.0503940
12.800   0.0605600
12.810   0.0816230
12.820   0.0982600
12.830   0.0967890
12.840   0.0722140
12.850   0.0315720
12.860  -0.0120440
12.870  -0.0529430
12.880  -0.0965360
12.890  -0.1491200
12.900  -0.2054200
12.910  -0.2498900
12.920  -0.2689900
12.930  -0.2607800
12.940  -0.2291100
12.950  -0.1726200
12.960  -0.0867850
12.970   0.0207210
12.980   0.1284400
12.990   0.2204200
13.000   0.2995800
13.010   0.3729000
13.020   0.4328300
13.030   0.4627300
13.040   0.4564500
13.050   0.4217500
13.060   0.3688800
13.070   0.3031700
13.080   0.2297700
13.090   0.1593600
13.100   0.1075200
13.110   0.0854990
13.120   0.0890490
13.130   0.0957430
13.140   0.0784230
13.150   0.0256800
13.160  -0.0486540
13.170  -0.1177000
13.180  -0.1647800
13.190  -0.1954600
13.200  -0.2265300
13.210  -0.2661000
13.220  -0.3085800
13.230  -0.3472500
13.240  -0.3840700
13.250  -0.4235200
13.260  -0.4624800
13.270  -0.4912000
13.280  -0.5031500
13.290  -0.4997500
13.300  -0.4852000
13.310  -0.4582000
13.320  -0.4108900
13.330  -0.3369700
13.340  -0.2416000
13.350  -0.1419600
13.360  -0.0575850
13.370   0.0018369
13.380   0.0401320
13.390   0.0680100
13.400   0.0895570
13.410   0.0961080
13.420   0.0744100
13.430   0.0222090
13.440  -0.0468210
13.450  -0.1137500
13.460  -0.1682200
13.470  -0.2118000
13.480  -0.2507500
13.490  -0.2874800
13.500  -0.3151200
13.510  -0.3179400
13.520  -0.2835100
13.530  -0.2221500
13.540  -0.1697600
13.550  -0.1563100
13.560  -0.1711200
13.570  -0.1742900
13.580  -0.1468500
13.590  -0.1120400
13.600  -0.1005100
13.610  -0.1109900
13.620  -0.1179100
13.630  -0.1008800
13.640  -0.0526500
13.650   0.0291250
13.660   0.1374600
13.670   0.2516100
13.680   0.3481600
13.690   0.4143000
13.700   0.4464100
13.710   0.4472300
13.720   0.4281600
13.730   0.4044300
13.740   0.3827600
13.750   0.3609000
13.760   0.3372600
13.770   0.3107400
13.780   0.2739800
13.790   0.2228500
13.800   0.1705000
13.810   0.1367600
13.820   0.1210400
13.830   0.1011900
13.840   0.0580580
13.850  -0.0096000
13.860  -0.0942160
13.870  -0.1850500
13.880  -0.2640200
13.890  -0.3089800
13.900  -0.3099000
13.910  -0.2739700
13.920  -0.2166600
13.930  -0.1554900
13.940  -0.1100000
13.950  -0.0905110
13.960  -0.0868000
13.970  -0.0816680
13.980  -0.0795650
13.990  -0.1035900
14.000  -0.1593300
14.010  -0.2181500
14.020  -0.2471200
14.030  -0.2397300
14.040  -0.2085400
14.050  -0.1617300
14.060  -0.0996740
14.070  -0.0247620
14.080   0.0557500
14.090   0.1317700
14.100   0.1897300
14.110   0.2183400
14.120   0.2205500
14.130   0.2126200
14.140   0.2060300
14.150   0.1986800
14.160   0.1860800
14.170   0.1717200
14.180   0.1590900
14.190   0.1433400
14.200   0.1177000
14.210   0.0855110
14.220   0.0577140
14.230   0.0412950
14.240   0.0334350
14.250   0.0270710
14.260   0.0183510
14.270   0.0101840
14.280   0.0085936
14.290   0.0149610
14.300   0.0218670
14.310   0.0200030
14.320   0.0087901
14.330  -0.0012409
14.340   0.0016645
14.350   0.0198630
14.360   0.0442660
14.370   0.0622270
14.380   0.0671920
14.390   0.0626280
14.400   0.0572780
14.410   0.0582800
14.420   0.0695980
14.430   0.0934440
14.440   0.1302600
14.450   0.1787500
14.460   0.2362700
14.470   0.2972800
14.480   0.3503800
14.490   0.3817900
14.500   0.3819300
14.510   0.3503600
14.520   0.2941000
14.530   0.2233500
14.540   0.1439500
14.550   0.0558510
14.560  -0.0376550
14.570  -0.1211200
14.580  -0.1792100
14.590  -0.2148900
14.600  -0.2436200
14.610  -0.2710800
14.620  -0.2903900
14.630  -0.2958800
14.640  -0.2821700
14.650  -0.2340000
14.660  -0.1408200
14.670  -0.0227640
14.680   0.0776330
14.690   0.1333000
14.700   0.1471500
14.710   0.1325600
14.720   0.0999050
14.730   0.0656820
14.740   0.0532390
14.750   0.0709410
14.760   0.0998820
14.770   0.1117900
14.780   0.0953380
14.790   0.0586470
14.800   0.0131590
14.810  -0.0365940
14.820  -0.0875040
14.830  -0.1341900
14.840  -0.1757700
14.850  -0.2203400
14.860  -0.2772900
14.870  -0.3491400
14.880  -0.4326200
14.890  -0.5220200
14.900  -0.6064400
14.910  -0.6711000
14.920  -0.7082900
14.930  -0.7237500
14.940  -0.7269300
14.950  -0.7215900
14.960  -0.7106900
14.970  -0.7001900
14.980  -0.6883400
14.990  -0.6579700
15.000  -0.5937800
15.010  -0.5042600
15.020  -0.4160200
15.030  -0.3458800
15.040  -0.2912500
15.050  -0.2439100
15.060  -0.2000800
15.070  -0.1536800
15.080  -0.0955310
15.090  -0.0236230
15.100   0.0553140
15.110   0.1378200
15.120   0.2255700
15.130   0.3130100
15.140   0.3868500
15.150   0.4405300
15.160   0.4779800
15.170   0.5023500
15.180   0.5145300
15.190   0.5229700
15.200   0.5393700
15.210   0.5607200
15.220   0.5675900
15.230   0.5462300
15.240   0.5035600
15.250   0.4553800
15.260   0.4061400
15.270   0.3458700
15.280   0.2648800
15.290   0.1680900
15.300   0.0734690
15.310  -0.0050693
15.320  -0.0688050
15.330  -0.1240300
15.340  -0.1673100
15.350  -0.1899900
15.360  -0.1921100
15.370  -0.1816200
15.380  -0.1623100
15.390  -0.1340500
15.400  -0.1045600
15.410  -0.0887370
15.420  -0.0914310
15.430  -0.1015200
15.440  -0.1081300
15.450  -0.1134800
15.460  -0.1211500
15.470  -0.1209400
15.480  -0.0973000
15.490  -0.0501940
15.500   0.0047495
15.510   0.0574550
15.520   0.1132300
15.530   0.1784800
15.540   0.2464300
15.550   0.3045700
15.560   0.3483800
15.570   0.3818300
15.580   0.4084100
15.590   0.4298000
15.600   0.4506200
15.610   0.4767500
15.620   0.5041500
15.630   0.5145000
15.640   0.4893800
15.650   0.4296000
15.660   0.3537300
15.670   0.2767500
15.680   0.1989600
15.690   0.1194800
15.700   0.0483800
15.710  -0.0043046
15.720  -0.0434660
15.730  -0.0801690
15.740  -0.1147300
15.750  -0.1398300
15.760  -0.1572300
15.770  -0.1781300
15.780  -0.2074300
15.790  -0.2363200
15.800  -0.2537400
15.810  -0.2571900
15.820  -0.2499000
15.830  -0.2319800
15.840  -0.2013600
15.850  -0.1629600
15.860  -0.1296000
15.870  -0.1065400
15.880  -0.0815930
15.890  -0.0413540
15.900   0.0069291
15.910   0.0443210
15.920   0.0667510
15.930   0.0868430
15.940   0.1109800
15.950   0.1348000
15.960   0.1622800
15.970   0.2078900
15.980   0.2740700
15.990   0.3421100
16.000   0.3903900
16.010   0.4080300
16.020   0.3922100
16.030   0.3473700
16.040   0.2878800
16.050   0.2280100
16.060   0.1695600
16.070   0.1074900
16.080   0.0408670
16.090  -0.0307230
16.100  -0.1120400
16.110  -0.2007600
16.120  -0.2796500
16.130  -0.3321900
16.140  -0.3588500
16.150  -0.3681000
16.160  -0.3613800
16.170  -0.3394200
16.180  -0.3117400
16.190  -0.2846700
16.200  -0.2467100
16.210  -0.1819100
16.220  -0.0948500
16.230  -0.0090816
16.240   0.0589170
16.250   0.1132400
16.260   0.1657500
16.270   0.2202800
16.280   0.2711700
16.290   0.3103000
16.300   0.3340900
16.310   0.3467300
16.320   0.3541100
16.330   0.3527700
16.340   0.3308600
16.350   0.2849300
16.360   0.2306300
16.370   0.1906500
16.380   0.1727900
16.390   0.1621300
16.400   0.1335100
16.410   0.0723230
16.420  -0.0125350
16.430  -0.0970360
16.440  -0.1646900
16.450  -0.2183300
16.460  -0.2677600
16.470  -0.3119300
16.480  -0.3376000
16.490  -0.3314000
16.500  -0.2906100
16.510  -0.2257400
16.520  -0.1549700
16.530  -0.0932520
16.540  -0.0468850
16.550  -0.0188890
16.560  -0.0156720
16.570  -0.0440980
16.580  -0.1039100
16.590  -0.1834900
16.600  -0.2610800
16.610  -0.3133000
16.620  -0.3298000
16.630  -0.3183400
16.640  -0.2905600
16.650  -0.2472100
16.660  -0.1842200
16.670  -0.1065500
16.680  -0.0267980
16.690   0.0456530
16.700   0.1064200
16.710   0.1524800
16.720   0.1838800
16.730   0.2035900
16.740   0.2097100
16.750   0.1953400
16.760   0.1615400
16.770   0.1210800
16.780   0.0835100
16.790   0.0456170
16.800   0.0023016
16.810  -0.0429620
16.820  -0.0869970
16.830  -0.1384500
16.840  -0.2085000
16.850  -0.2922000
16.860  -0.3692500
16.870  -0.4235800
16.880  -0.4558700
16.890  -0.4758900
16.900  -0.4901300
16.910  -0.4984600
16.920  -0.4985300
16.930  -0.4872800
16.940  -0.4601600
16.950  -0.4146500
16.960  -0.3545900
16.970  -0.2899200
16.980  -0.2300300
16.990  -0.1789800
17.000  -0.1317700
17.010  -0.0765910
17.020  -0.0042181
17.030   0.0803560
17.040   0.1609800
17.050   0.2268100
17.060   0.2792800
17.070   0.3193000
17.080   0.3369300
17.090   0.3225200
17.100   0.2825400
17.110   0.2370400
17.120   0.2038400
17.130   0.1896300
17.140   0.1891700
17.150   0.1855800
17.160   0.1582700
17.170   0.1013800
17.180   0.0305990
17.190  -0.0328910
17.200  -0.0795520
17.210  -0.1097100
17.220  -0.1245300
17.230  -0.1252600
17.240  -0.1164800
17.250  -0.1046100
17.260  -0.0953840
17.270  -0.0926050
17.280  -0.0929830
17.290  -0.0841390
17.300  -0.0566370
17.310  -0.0170970
17.320   0.0194520
17.330   0.0477450
17.340   0.0730350
17.350   0.0981030
17.360   0.1207200
17.370   0.1423300
17.380   0.1671400
17.390   0.1919900
17.400   0.2055900
17.410   0.1996100
17.420   0.1758000
17.430   0.1415300
17.440   0.1038700
17.450   0.0685690
17.460   0.0413310
17.470   0.0267320
17.480   0.0256480
17.490   0.0343810
17.500   0.0480050
17.510   0.0651700
17.520   0.0876600
17.530   0.1147300
17.540   0.1424800
17.550   0.1706000
17.560   0.2048800
17.570   0.2487800
17.580   0.2973800
17.590   0.3424700
17.600   0.3797800
17.610   0.4072800
17.620   0.4206800
17.630   0.4165200
17.640   0.3970900
17.650   0.3673700
17.660   0.3288300
17.670   0.2808000
17.680   0.2256700
17.690   0.1703400
17.700   0.1230500
17.710   0.0874960
17.720   0.0586690
17.730   0.0258750
17.740  -0.0177450
17.750  -0.0699190
17.760  -0.1232600
17.770  -0.1710700
17.780  -0.2083400
17.790  -0.2326700
17.800  -0.2476300
17.810  -0.2603100
17.820  -0.2745800
17.830  -0.2908100
17.840  -0.3115700
17.850  -0.3404000
17.860  -0.3745500
17.870  -0.4029400
17.880  -0.4123800
17.890  -0.3956200
17.900  -0.3560100
17.910  -0.3066000
17.920  -0.2602600
17.930  -0.2203700
17.940  -0.1841400
17.950  -0.1532500
17.960  -0.1330100
17.970  -0.1226100
17.980  -0.1149800
17.990  -0.1063400
18.000  -0.0975690
18.010  -0.0858280
18.020  -0.0623620
18.030  -0.0210720
18.040   0.0348200
18.050   0.0954930
18.060   0.1519800
18.070   0.1996100
18.080   0.2363300
18.090   0.2598200
18.100   0.2694900
18.110   0.2702700
18.120   0.2710200
18.130   0.2761700
18.140   0.2826800
18.150   0.2864400
18.160   0.2863900
18.170   0.2795200
18.180   0.2588400
18.190   0.2218300
18.200   0.1749300
18.210   0.1248100
18.220   0.0693060
18.230   0.0051169
18.240  -0.0608550
18.250  -0.1150600
18.260  -0.1531100
18.270  -0.1821600
18.280  -0.2090100
18.290  -0.2327400
18.300  -0.2507000
18.310  -0.2619700
18.320  -0.2623000
18.330  -0.2429600
18.340  -0.2007400
18.350  -0.1449900
18.360  -0.0908360
18.370  -0.0470400
18.380  -0.0132330
18.390   0.0143220
18.400   0.0377620
18.410   0.0582270
18.420   0.0769720
18.430   0.0944950
18.440   0.1097300
18.450   0.1229300
18.460   0.1381900
18.470   0.1592800
18.480   0.1824500
18.490   0.1974500
18.500   0.1981100
18.510   0.1874600
18.520   0.1718300
18.530   0.1533800
18.540   0.1306500
18.550   0.1027700
18.560   0.0726900
18.570   0.0466940
18.580   0.0297060
18.590   0.0185090
18.600   0.0039014
18.610  -0.0184450
18.620  -0.0432560
18.630  -0.0649800
18.640  -0.0853390
18.650  -0.1081500
18.660  -0.1326100
18.670  -0.1561200
18.680  -0.1786400
18.690  -0.2000600
18.700  -0.2173500
18.710  -0.2285500
18.720  -0.2356500
18.730  -0.2409900
18.740  -0.2439000
18.750  -0.2431000
18.760  -0.2395800
18.770  -0.2372200
18.780  -0.2424700
18.790  -0.2604500
18.800  -0.2872400
18.810  -0.3093500
18.820  -0.3157800
18.830  -0.3080100
18.840  -0.2923300
18.850  -0.2661200
18.860  -0.2213000
18.870  -0.1604000
18.880  -0.1000700
18.890  -0.0542010
18.900  -0.0208130
18.910   0.0118100
18.920   0.0486270
18.930   0.0814600
18.940   0.0977390
18.950   0.0941600
18.960   0.0799050
18.970   0.0665160
18.980   0.0568750
18.990   0.0471360
19.000   0.0366290
19.010   0.0309270
19.020   0.0341550
19.030   0.0436680
19.040   0.0525570
19.050   0.0561080
19.060   0.0559070
19.070   0.0590580
19.080   0.0697140
19.090   0.0811170
19.100   0.0821390
19.110   0.0733330
19.120   0.0682780
19.130   0.0751440
19.140   0.0846410
19.150   0.0822100
19.160   0.0656620
19.170   0.0444600
19.180   0.0256280
19.190   0.0092161
19.200  -0.0048153
19.210  -0.0125720
19.220  -0.0101820
19.230   0.0035088
19.240   0.0277240
19.250   0.0590190
19.260   0.0882260
19.270   0.1030600
19.280   0.0985540
19.290   0.0836230
19.300   0.0733660
19.310   0.0759590
19.320   0.0904390
19.330   0.1148700
19.340   0.1506700
19.350   0.1976500
19.360   0.2488400
19.370   0.2930600
19.380   0.3221900
19.390   0.3348400
19.400   0.3340300
19.410   0.3233800
19.420   0.3056900
19.430   0.2845900
19.440   0.2645800
19.450   0.2505900
19.460   0.2467900
19.470   0.2555500
19.480   0.2731200
19.490   0.2894500
19.500   0.2934200
19.510   0.2805400
19.520   0.2544900
19.530   0.2247700
19.540   0.1993400
19.550   0.1780400
19.560   0.1528400
19.570   0.1189300
19.580   0.0810410
19.590   0.0462210
19.600   0.0137940
19.610  -0.0192870
19.620  -0.0498140
19.630  -0.0728510
19.640  -0.0908620
19.650  -0.1076600
19.660  -0.1190200
19.670  -0.1172500
19.680  -0.1029900
19.690  -0.0841800
19.700  -0.0675450
19.710  -0.0561520
19.720  -0.0530870
19.730  -0.0605050
19.740  -0.0779970
19.750  -0.1052000
19.760  -0.1433300
19.770  -0.1890000
19.780  -0.2317700
19.790  -0.2628400
19.800  -0.2841400
19.810  -0.3030000
19.820  -0.3214800
19.830  -0.3354100
19.840  -0.3424300
19.850  -0.3430400
19.860  -0.3356000
19.870  -0.3168100
19.880  -0.2888000
19.890  -0.2593400
19.900  -0.2349000
19.910  -0.2152000
19.920  -0.1950000
19.930  -0.1679900
19.940  -0.1320900
19.950  -0.0928520
19.960  -0.0569820
19.970  -0.0197360
19.980   0.0336970
19.990   0.1084100
20.000   0.1894500
20.010   0.2564400
20.020   0.3036800
20.030   0.3392200
20.040   0.3697500
20.050   0.3943500
20.060   0.4120300
20.070   0.4269100
20.080   0.4419600
20.090   0.4531700
20.100   0.4536300
20.110   0.4427300
20.120   0.4246100
20.130   0.3990100
20.140   0.3594700
20.150   0.3034900
20.160   0.2348200
20.170   0.1565500
20.180   0.0702260
20.190  -0.0152100
20.200  -0.0872580
20.210  -0.1433200
20.220  -0.1922900
20.230  -0.2387400
20.240  -0.2788400
20.250  -0.3111400
20.260  -0.3407300
20.270  -0.3672100
20.280  -0.3833400
20.290  -0.3862100
20.300  -0.3819500
20.310  -0.3756900
20.320  -0.3676400
20.330  -0.3577100
20.340  -0.3481300
20.350  -0.3390600
20.360  -0.3280400
20.370  -0.3115100
20.380  -0.2861600
20.390  -0.2510900
20.400  -0.2123800
20.410  -0.1782700
20.420  -0.1497900
20.430  -0.1205700
20.440  -0.0892150
20.450  -0.0618670
20.460  -0.0414060
20.470  -0.0212730
20.480   0.0043636
20.490   0.0326230
20.500   0.0570870
20.510   0.0763020
20.520   0.0927110
20.530   0.1081100
20.540   0.1224000
20.550   0.1351100
20.560   0.1452200
20.570   0.1524400
20.580   0.1584400
20.590   0.1640700
20.600   0.1643900
20.610   0.1508800
20.620   0.1193100
20.630   0.0742050
20.640   0.0249530
20.650  -0.0205370
20.660  -0.0584800
20.670  -0.0878090
20.680  -0.1093600
20.690  -0.1263200
20.700  -0.1439500
20.710  -0.1663300
20.720  -0.1915800
20.730  -0.2124800
20.740  -0.2231000
20.750  -0.2222000
20.760  -0.2087000
20.770  -0.1798400
20.780  -0.1376500
20.790  -0.0931360
20.800  -0.0574770
20.810  -0.0306010
20.820  -0.0028464
20.830   0.0318890
20.840   0.0703980
20.850   0.1060700
20.860   0.1356300
20.870   0.1576900
20.880   0.1718100
20.890   0.1807100
20.900   0.1903600
20.910   0.2031100
20.920   0.2145800
20.930   0.2206400
20.940   0.2240000
20.950   0.2273700
20.960   0.2236100
20.970   0.2002000
20.980   0.1540200
20.990   0.0959490
21.000   0.0416910
21.010   0.0008768
21.020  -0.0244230
21.030  -0.0365690
21.040  -0.0393280
21.050  -0.0371970
21.060  -0.0353770
21.070  -0.0392500
21.080  -0.0510240
21.090  -0.0672020
21.100  -0.0813610
21.110  -0.0892040
21.120  -0.0892090
21.130  -0.0808290
21.140  -0.0650510
21.150  -0.0462450
21.160  -0.0302130
21.170  -0.0199110
21.180  -0.0130360
21.190  -0.0041286
21.200   0.0113680
21.210   0.0340220
21.220   0.0616070
21.230   0.0913570
21.240   0.1201400
21.250   0.1428400
21.260   0.1540500
21.270   0.1520100
21.280   0.1403200
21.290   0.1242700
21.300   0.1065300
21.310   0.0864340
21.320   0.0628030
21.330   0.0361660
21.340   0.0100670
21.350  -0.0104760
21.360  -0.0220990
21.370  -0.0260270
21.380  -0.0266500
21.390  -0.0274920
21.400  -0.0279720
21.410  -0.0256340
21.420  -0.0197480
21.430  -0.0122330
21.440  -0.0048737
21.450   0.0003106
21.460   0.0004240
21.470  -0.0071839
21.480  -0.0214860
21.490  -0.0398230
21.500  -0.0598520
21.510  -0.0790660
21.520  -0.0935250
21.530  -0.1019500
21.540  -0.1075100
21.550  -0.1136800
21.560  -0.1190700
21.570  -0.1197100
21.580  -0.1128200
21.590  -0.0975740
21.600  -0.0749770
21.610  -0.0506610
21.620  -0.0332250
21.630  -0.0282310
21.640  -0.0341610
21.650  -0.0452000
21.660  -0.0547030
21.670  -0.0582430
21.680  -0.0562630
21.690  -0.0538610
21.700  -0.0539810
21.710  -0.0528960
21.720  -0.0447660
21.730  -0.0297300
21.740  -0.0148050
21.750  -0.0098269
21.760  -0.0222890
21.770  -0.0529790
21.780  -0.0941680
21.790  -0.1358000
21.800  -0.1729400
21.810  -0.2053100
21.820  -0.2302200
21.830  -0.2422300
21.840  -0.2393100
21.850  -0.2250000
21.860  -0.2041400
21.870  -0.1803200
21.880  -0.1565900
21.890  -0.1350400
21.900  -0.1158400
21.910  -0.0982150
21.920  -0.0807910
21.930  -0.0621690
21.940  -0.0433230
21.950  -0.0291200
21.960  -0.0228590
21.970  -0.0210690
21.980  -0.0169390
21.990  -0.0085124
22.000   0.0016465
22.010   0.0130290
22.020   0.0287330
22.030   0.0499390
22.040   0.0723670
22.050   0.0886880
22.060   0.0937400
22.070   0.0890230
22.080   0.0829340
22.090   0.0837770
22.100   0.0924160
22.110   0.1034200
22.120   0.1131500
22.130   0.1221200
22.140   0.1314400
22.150   0.1405400
22.160   0.1499300
22.170   0.1608000
22.180   0.1714900
22.190   0.1770400
22.200   0.1738700
22.210   0.1615600
22.220   0.1413400
22.230   0.1151800
22.240   0.0869530
22.250   0.0610830
22.260   0.0403310
22.270   0.0258990
22.280   0.0185410
22.290   0.0161510
22.300   0.0128270
22.310   0.0050391
22.320  -0.0020978
22.330   0.0010681
22.340   0.0192830
22.350   0.0494630
22.360   0.0840880
22.370   0.1152100
22.380   0.1372800
22.390   0.1495400
22.400   0.1542200
22.410   0.1527900
22.420   0.1447100
22.430   0.1302900
22.440   0.1094300
22.450   0.0797550
22.460   0.0400000
22.470  -0.0033673
22.480  -0.0390950
22.490  -0.0600530
22.500  -0.0664480
22.510  -0.0608440
22.520  -0.0451190
22.530  -0.0219950
22.540   0.0042068
22.550   0.0290380
22.560   0.0493350
22.570   0.0642390
22.580   0.0752470
22.590   0.0841110
22.600   0.0901550
22.610   0.0931290
22.620   0.0975860
22.630   0.1113300
22.640   0.1364600
22.650   0.1669200
22.660   0.1955500
22.670   0.2211300
22.680   0.2446300
22.690   0.2629500
22.700   0.2707000
22.710   0.2671200
22.720   0.2566400
22.730   0.2432600
22.740   0.2284000
22.750   0.2127400
22.760   0.1950000
22.770   0.1707900
22.780   0.1376100
22.790   0.1013500
22.800   0.0724870
22.810   0.0560180
22.820   0.0485570
22.830   0.0450180
22.840   0.0423850
22.850   0.0368310
22.860   0.0235350
22.870   0.0015240
22.880  -0.0242810
22.890  -0.0481660
22.900  -0.0682550
22.910  -0.0856780
22.920  -0.1003600
22.930  -0.1104200
22.940  -0.1152600
22.950  -0.1183800
22.960  -0.1251700
22.970  -0.1378400
22.980  -0.1526900
22.990  -0.1633300
23.000  -0.1671400
23.010  -0.1680700
23.020  -0.1716500
23.030  -0.1777600
23.040  -0.1810000
23.050  -0.1783800
23.060  -0.1734700
23.070  -0.1703800
23.080  -0.1659500
23.090  -0.1524500
23.100  -0.1280400
23.110  -0.0992890
23.120  -0.0722700
23.130  -0.0459660
23.140  -0.0167400
23.150   0.0135530
23.160   0.0374060
23.170   0.0480480
23.180   0.0437310
23.190   0.0269800
23.200   0.0036623
23.210  -0.0194140
23.220  -0.0403180
23.230  -0.0650150
23.240  -0.1001600
23.250  -0.1425300
23.260  -0.1795700
23.270  -0.2015400
23.280  -0.2095900
23.290  -0.2111400
23.300  -0.2115400
23.310  -0.2113500
23.320  -0.2094000
23.330  -0.2056500
23.340  -0.2016100
23.350  -0.1983800
23.360  -0.1951400
23.370  -0.1886800
23.380  -0.1750100
23.390  -0.1521900
23.400  -0.1227000
23.410  -0.0925520
23.420  -0.0668630
23.430  -0.0456300
23.440  -0.0249980
23.450  -0.0018644
23.460   0.0238380
23.470   0.0512150
23.480   0.0792270
23.490   0.1051100
23.500   0.1246000
23.510   0.1357000
23.520   0.1402200
23.530   0.1405300
23.540   0.1356500
23.550   0.1216700
23.560   0.0968830
23.570   0.0660180
23.580   0.0378030
23.590   0.0179450
23.600   0.0057127
23.610  -0.0020786
23.620  -0.0058427
23.630  -0.0036683
23.640   0.0041492
23.650   0.0142930
23.660   0.0237110
23.670   0.0318870
23.680   0.0397340
23.690   0.0484130
23.700   0.0597020
23.710   0.0761950
23.720   0.0983390
23.730   0.1218600
23.740   0.1404500
23.750   0.1524200
23.760   0.1610200
23.770   0.1685200
23.780   0.1733200
23.790   0.1754900
23.800   0.1779800
23.810   0.1784300
23.820   0.1657800
23.830   0.1343300
23.840   0.0963360
23.850   0.0721610
23.860   0.0680830
23.870   0.0721990
23.880   0.0701900
23.890   0.0588920
23.900   0.0431130
23.910   0.0274410
23.920   0.0129780
23.930  -0.0014765
23.940  -0.0186610
23.950  -0.0407280
23.960  -0.0662430
23.970  -0.0887970
23.980  -0.1000700
23.990  -0.0952580
24.000  -0.0772730
24.010  -0.0553120
24.020  -0.0387590
24.030  -0.0318290
24.040  -0.0333350
24.050  -0.0400170
24.060  -0.0496730
24.070  -0.0603900
24.080  -0.0671640
24.090  -0.0625680
24.100  -0.0437560
24.110  -0.0165040
24.120   0.0104240
24.130   0.0325930
24.140   0.0484120
24.150   0.0540260
24.160   0.0467550
24.170   0.0316630
24.180   0.0172160
24.190   0.0053817
24.200  -0.0087138
24.210  -0.0289030
24.220  -0.0552030
24.230  -0.0849690
24.240  -0.1130500
24.250  -0.1331300
24.260  -0.1435700
24.270  -0.1479600
24.280  -0.1488100
24.290  -0.1448300
24.300  -0.1368100
24.310  -0.1293500
24.320  -0.1256600
24.330  -0.1249200
24.340  -0.1258200
24.350  -0.1267500
24.360  -0.1239700
24.370  -0.1141100
24.380  -0.0973910
24.390  -0.0743950
24.400  -0.0447930
24.410  -0.0125060
24.420   0.0140110
24.430   0.0313380
24.440   0.0437560
24.450   0.0525620
24.460   0.0510040
24.470   0.0363570
24.480   0.0183480
24.490   0.0086323
24.500   0.0068898
24.510   0.0037949
24.520  -0.0066403
24.530  -0.0216810
24.540  -0.0353590
24.550  -0.0450920
24.560  -0.0539820
24.570  -0.0660310
24.580  -0.0806540
24.590  -0.0932140
24.600  -0.1026800
24.610  -0.1134100
24.620  -0.1287900
24.630  -0.1456900
24.640  -0.1582000
24.650  -0.1635100
24.660  -0.1624800
24.670  -0.1558700
24.680  -0.1431100
24.690  -0.1233500
24.700  -0.0972820
24.710  -0.0674600
24.720  -0.0378690
24.730  -0.0108770
24.740   0.0134090
24.750   0.0365780
24.760   0.0588290
24.770   0.0785640
24.780   0.0930190
24.790   0.1016200
24.800   0.1062900
24.810   0.1102700
24.820   0.1154700
24.830   0.1219400
24.840   0.1274500
24.850   0.1276500
24.860   0.1183200
24.870   0.1010600
24.880   0.0847000
24.890   0.0776650
24.900   0.0795450
24.910   0.0834830
24.920   0.0850180
24.930   0.0848570
24.940   0.0837310
24.950   0.0802680
24.960   0.0742680
24.970   0.0682450
24.980   0.0647320
24.990   0.0645750
25.000   0.0664260
25.010   0.0658020
25.020   0.0568620
25.030   0.0395930
25.040   0.0214530
25.050   0.0082711
25.060  -0.0028259
25.070  -0.0154590
25.080  -0.0253480
25.090  -0.0263970
25.100  -0.0208790
25.110  -0.0149180
25.120  -0.0083267
25.130   0.0030692
25.140   0.0189150
25.150   0.0355970
25.160   0.0522950
25.170   0.0690130
25.180   0.0822360
25.190   0.0889570
25.200   0.0921650
25.210   0.0965400
25.220   0.1013400
25.230   0.1031600
25.240   0.1022700
25.250   0.1013500
25.260   0.1017600
25.270   0.1052000
25.280   0.1145000
25.290   0.1285400
25.300   0.1403200
25.310   0.1439200
25.320   0.1402300
25.330   0.1329500
25.340   0.1219600
25.350   0.1065700
25.360   0.0915010
25.370   0.0833840
25.380   0.0818290
25.390   0.0794730
25.400   0.0699810
25.410   0.0523780
25.420   0.0282130
25.430  -0.0004710
25.440  -0.0284570
25.450  -0.0466530
25.460  -0.0479260
25.470  -0.0326710
25.480  -0.0076434
25.490   0.0181920
25.500   0.0361110
25.510   0.0397420
25.520   0.0290790
25.530   0.0104290
25.540  -0.0095741
25.550  -0.0290770
25.560  -0.0479860
25.570  -0.0643570
25.580  -0.0765650
25.590  -0.0862730
25.600  -0.0955220
25.610  -0.1033700
25.620  -0.1084300
25.630  -0.1111100
25.640  -0.1113800
25.650  -0.1082200
25.660  -0.1040900
25.670  -0.1052800
25.680  -0.1148200
25.690  -0.1287900
25.700  -0.1406800
25.710  -0.1461700
25.720  -0.1431800
25.730  -0.1329100
25.740  -0.1214800
25.750  -0.1155200
25.760  -0.1143500
25.770  -0.1103000
25.780  -0.0979870
25.790  -0.0800440
25.800  -0.0636450
25.810  -0.0542740
25.820  -0.0528290
25.830  -0.0560990
25.840  -0.0595840
25.850  -0.0609830
25.860  -0.0607800
25.870  -0.0582310
25.880  -0.0493390
25.890  -0.0312850
25.900  -0.0078190
25.910   0.0135890
25.920   0.0299510
25.930   0.0445110
25.940   0.0586010
25.950   0.0664080
25.960   0.0627630
25.970   0.0520340
25.980   0.0435600
25.990   0.0395300
26.000   0.0350430
26.010   0.0273990
26.020   0.0186000
26.030   0.0085086
26.040  -0.0034282
26.050  -0.0112570
26.060  -0.0058421
26.070   0.0117920
26.080   0.0313890
26.090   0.0469580
26.100   0.0618000
26.110   0.0779820
26.120   0.0918490
26.130   0.0999640
26.140   0.1013100
26.150   0.0929020
26.160   0.0730160
26.170   0.0489300
26.180   0.0319020
26.190   0.0247560
26.200   0.0216000
26.210   0.0193120
26.220   0.0202690
26.230   0.0256010
26.240   0.0326840
26.250   0.0393440
26.260   0.0435940
26.270   0.0399790
26.280   0.0224780
26.290  -0.0080476
26.300  -0.0429310
26.310  -0.0733480
26.320  -0.0957000
26.330  -0.1099300
26.340  -0.1158800
26.350  -0.1146600
26.360  -0.1106300
26.370  -0.1082500
26.380  -0.1056100
26.390  -0.0960270
26.400  -0.0764320
26.410  -0.0516160
26.420  -0.0271800
26.430  -0.0030391
26.440   0.0238940
26.450   0.0533370
26.460   0.0817400
26.470   0.1056800
26.480   0.1221300
26.490   0.1285400
26.500   0.1254100
26.510   0.1179100
26.520   0.1123200
26.530   0.1113300
26.540   0.1123400
26.550   0.1105500
26.560   0.1025700
26.570   0.0882620
26.580   0.0699030
26.590   0.0512320
26.600   0.0357990
26.610   0.0255380
26.620   0.0196940
26.630   0.0163290
26.640   0.0140720
26.650   0.0121770
26.660   0.0080339
26.670  -0.0018419
26.680  -0.0175280
26.690  -0.0330550
26.700  -0.0419760
26.710  -0.0437000
26.720  -0.0429830
26.730  -0.0428750
26.740  -0.0419610
26.750  -0.0387680
26.760  -0.0369090
26.770  -0.0427270
26.780  -0.0581990
26.790  -0.0770230
26.800  -0.0888310
26.810  -0.0868520
26.820  -0.0719980
26.830  -0.0492350
26.840  -0.0217070
26.850   0.0099547
26.860   0.0437900
26.870   0.0757100
26.880   0.1033400
26.890   0.1264600
26.900   0.1436300
26.910   0.1513100
26.920   0.1480900
26.930   0.1361300
26.940   0.1186000
26.950   0.0974890
26.960   0.0750920
26.970   0.0547210
26.980   0.0385440
26.990   0.0254480
27.000   0.0114460
27.010  -0.0074846
27.020  -0.0322630
27.030  -0.0583740
27.040  -0.0782990
27.050  -0.0869770
27.060  -0.0861810
27.070  -0.0829950
27.080  -0.0842810
27.090  -0.0917500
27.100  -0.1024000
27.110  -0.1129000
27.120  -0.1219700
27.130  -0.1291000
27.140  -0.1334800
27.150  -0.1353800
27.160  -0.1362500
27.170  -0.1366700
27.180  -0.1356100
27.190  -0.1324800
27.200  -0.1274200
27.210  -0.1198200
27.220  -0.1087800
27.230  -0.0955220
27.240  -0.0829720
27.250  -0.0738670
27.260  -0.0703890
27.270  -0.0738210
27.280  -0.0824760
27.290  -0.0915780
27.300  -0.0975060
27.310  -0.1006000
27.320  -0.1017800
27.330  -0.0986200
27.340  -0.0884840
27.350  -0.0741270
27.360  -0.0622090
27.370  -0.0554050
27.380  -0.0489590
27.390  -0.0376990
27.400  -0.0237780
27.410  -0.0132230
27.420  -0.0065179
27.430   0.0020274
27.440   0.0161330
27.450   0.0342970
27.460   0.0541480
27.470   0.0738250
27.480   0.0892830
27.490   0.0962690
27.500   0.0956060
27.510   0.0905050
27.520   0.0809260
27.530   0.0668550
27.540   0.0554670
27.550   0.0553260
27.560   0.0650210
27.570   0.0752260
27.580   0.0812640
27.590   0.0857920
27.600   0.0907390
27.610   0.0942900
27.620   0.0957770
27.630   0.0974270
27.640   0.1000700
27.650   0.1019400
27.660   0.1013700
27.670   0.0980750
27.680   0.0911480
27.690   0.0794930
27.700   0.0625950
27.710   0.0415070
27.720   0.0191550
27.730   0.0008300
27.740  -0.0099332
27.750  -0.0143300
27.760  -0.0163200
27.770  -0.0174080
27.780  -0.0171320
27.790  -0.0163360
27.800  -0.0171310
27.810  -0.0196910
27.820  -0.0218790
27.830  -0.0217610
27.840  -0.0189000
27.850  -0.0149690
27.860  -0.0135730
27.870  -0.0172520
27.880  -0.0222950
27.890  -0.0213590
27.900  -0.0125120
27.910  -0.0025195
27.920   0.0021746
27.930   0.0033127
27.940   0.0084263
27.950   0.0225480
27.960   0.0451330
27.970   0.0724150
27.980   0.1007700
27.990   0.1268400
28.000   0.1471400
28.010   0.1582300
28.020   0.1593200
28.030   0.1532000
28.040   0.1437600
28.050   0.1308400
28.060   0.1109600
28.070   0.0823090
28.080   0.0494580
28.090   0.0209920
28.100   0.0035741
28.110  -0.0031002
28.120  -0.0040797
28.130  -0.0038764
28.140  -0.0036199
28.150  -0.0029446
28.160  -0.0017304
28.170  -0.0008219
28.180  -0.0020661
28.190  -0.0081581
28.200  -0.0200620
28.210  -0.0354520
28.220  -0.0498310
28.230  -0.0594430
28.240  -0.0616940
28.250  -0.0566230
28.260  -0.0479430
28.270  -0.0410830
28.280  -0.0384670
28.290  -0.0405180
28.300  -0.0488040
28.310  -0.0650180
28.320  -0.0867550
28.330  -0.1087100
28.340  -0.1264800
28.350  -0.1384800
28.360  -0.1444500
28.370  -0.1449700
28.380  -0.1402700
28.390  -0.1297200
28.400  -0.1137400
28.410  -0.0962230
28.420  -0.0807290
28.430  -0.0659760
28.440  -0.0488230
28.450  -0.0304880
28.460  -0.0150200
28.470  -0.0033757
28.480   0.0085809
28.490   0.0258000
28.500   0.0495330
28.510   0.0761500
28.520   0.1013000
28.530   0.1244800
28.540   0.1477400
28.550   0.1687500
28.560   0.1804600
28.570   0.1795700
28.580   0.1707800
28.590   0.1594500
28.600   0.1456900
28.610   0.1281700
28.620   0.1089200
28.630   0.0904820
28.640   0.0738270
28.650   0.0604360
28.660   0.0520180
28.670   0.0464730
28.680   0.0404820
28.690   0.0348000
28.700   0.0320970
28.710   0.0298390
28.720   0.0223600
28.730   0.0079027
28.740  -0.0112880
28.750  -0.0345250
28.760  -0.0615870
28.770  -0.0881380
28.780  -0.1087600
28.790  -0.1229600
28.800  -0.1324100
28.810  -0.1348100
28.820  -0.1273800
28.830  -0.1122600
28.840  -0.0928270
28.850  -0.0690460
28.860  -0.0427080
28.870  -0.0212810
28.880  -0.0095643
28.890  -0.0018825
28.900   0.0096125
28.910   0.0225850
28.920   0.0280200
28.930   0.0229650
28.940   0.0127130
28.950   0.0019929
28.960  -0.0091069
28.970  -0.0208820
28.980  -0.0299600
28.990  -0.0319550
29.000  -0.0271060
29.010  -0.0215480
29.020  -0.0211910
29.030  -0.0246820
29.040  -0.0259230
29.050  -0.0233560
29.060  -0.0237090
29.070  -0.0339740
29.080  -0.0541540
29.090  -0.0784780
29.100  -0.1015900
29.110  -0.1204100
29.120  -0.1331100
29.130  -0.1384300
29.140  -0.1367400
29.150  -0.1301100
29.160  -0.1204700
29.170  -0.1070800
29.180  -0.0871600
29.190  -0.0600900
29.200  -0.0309100
29.210  -0.0082827
29.220   0.0008867
29.230  -0.0046027
29.240  -0.0206920
29.250  -0.0411240
29.260  -0.0608390
29.270  -0.0771800
29.280  -0.0888270
29.290  -0.0946780
29.300  -0.0944660
29.310  -0.0897260
29.320  -0.0827940
29.330  -0.0742620
29.340  -0.0613250
29.350  -0.0403650
29.360  -0.0126280
29.370   0.0148350
29.380   0.0372220
29.390   0.0582590
29.400   0.0832940
29.410   0.1094300
29.420   0.1285600
29.430   0.1384200
29.440   0.1442900
29.450   0.1515700
29.460   0.1612400
29.470   0.1710300
29.480   0.1788500
29.490   0.1850000
29.500   0.1913300
29.510   0.1941100
29.520   0.1818600
29.530   0.1479400
29.540   0.1036400
29.550   0.0686690
29.560   0.0496370
29.570   0.0388480
29.580   0.0305270
29.590   0.0265660
29.600   0.0273910
29.610   0.0288590
29.620   0.0283370
29.630   0.0263730
29.640   0.0222790
29.650   0.0141000
29.660   0.0024559
29.670  -0.0099230
29.680  -0.0208220
29.690  -0.0282650
29.700  -0.0302360
29.710  -0.0272530
29.720  -0.0225880
29.730  -0.0196250
29.740  -0.0203170
29.750  -0.0260160
29.760  -0.0370320
29.770  -0.0524700
29.780  -0.0701170
29.790  -0.0852340
29.800  -0.0920180
29.810  -0.0905860
29.820  -0.0885130
29.830  -0.0914330
29.840  -0.0969830
29.850  -0.1023000
29.860  -0.1111400
29.870  -0.1262000
29.880  -0.1410700
29.890  -0.1471400
29.900  -0.1436000
29.910  -0.1329000
29.920  -0.1145000
29.930  -0.0897020
29.940  -0.0652470
29.950  -0.0466560
29.960  -0.0325720
29.970  -0.0196150
29.980  -0.0062748
29.990   0.0082637
30.000   0.0248440
30.010   0.0415380
30.020   0.0550870
30.030   0.0647520
30.040   0.0717930
30.050   0.0771270
30.060   0.0819800
30.070   0.0879300
30.080   0.0945320
30.090   0.0999740
30.100   0.1044500
30.110   0.1086800
30.120   0.1104700
30.130   0.1064200
30.140   0.0970040
30.150   0.0851870
30.160   0.0729430
30.170   0.0618910
30.180   0.0547620
30.190   0.0519970
30.200   0.0504920
30.210   0.0486580
30.220   0.0493900
30.230   0.0554070
30.240   0.0647610
30.250   0.0736940
30.260   0.0803990
30.270   0.0841100
30.280   0.0836620
30.290   0.0795320
30.300   0.0734780
30.310   0.0658600
30.320   0.0561400
30.330   0.0469280
30.340   0.0422500
30.350   0.0422470
30.360   0.0425070
30.370   0.0403100
30.380   0.0360100
30.390   0.0287970
30.400   0.0155700
30.410  -0.0034313
30.420  -0.0230300
30.430  -0.0375930
30.440  -0.0446340
30.450  -0.0445410
30.460  -0.0397830
30.470  -0.0332590
30.480  -0.0256230
30.490  -0.0164980
30.500  -0.0083622
30.510  -0.0042873
30.520  -0.0013878
30.530   0.0065710
30.540   0.0185290
30.550   0.0265090
30.560   0.0280630
30.570   0.0290550
30.580   0.0313720
30.590   0.0282790
30.600   0.0153160
30.610  -0.0029300
30.620  -0.0206070
30.630  -0.0367320
30.640  -0.0517600
30.650  -0.0642160
30.660  -0.0744130
30.670  -0.0845900
30.680  -0.0947160
30.690  -0.1016900
30.700  -0.1044600
30.710  -0.1044800
30.720  -0.1021300
30.730  -0.0960130
30.740  -0.0857520
30.750  -0.0718040
30.760  -0.0548230
30.770  -0.0369180
30.780  -0.0218780
30.790  -0.0111910
30.800  -0.0026501
30.810   0.0065327
30.820   0.0164580
30.830   0.0254450
30.840   0.0314160
30.850   0.0333580
30.860   0.0327710
30.870   0.0344500
30.880   0.0421600
30.890   0.0539460
30.900   0.0624900
30.910   0.0624870
30.920   0.0555330
30.930   0.0482490
30.940   0.0446800
30.950   0.0423890
30.960   0.0364950
30.970   0.0272390
30.980   0.0188780
30.990   0.0116910
31.000   0.0000121
31.010  -0.0187660
31.020  -0.0381690
31.030  -0.0492210
31.040  -0.0507680
31.050  -0.0487160
31.060  -0.0473830
31.070  -0.0458270
31.080  -0.0426050
31.090  -0.0389980
31.100  -0.0369650
31.110  -0.0363460
31.120  -0.0373840
31.130  -0.0434880
31.140  -0.0583410
31.150  -0.0799350
31.160  -0.1003600
31.170  -0.1124000
31.180  -0.1134500
31.190  -0.1045000
31.200  -0.0880700
31.210  -0.0692410
31.220  -0.0535550
31.230  -0.0424990
31.240  -0.0316300
31.250  -0.0166930
31.260   0.0018019
31.270   0.0211360
31.280   0.0411450
31.290   0.0608250
31.300   0.0747000
31.310   0.0785000
31.320   0.0770410
31.330   0.0773830
31.340   0.0778760
31.350   0.0729980
31.360   0.0670590
31.370   0.0686730
31.380   0.0727980
31.390   0.0631210
31.400   0.0368320
31.410   0.0113190
31.420   0.0010092
31.430   0.0020533
31.440   0.0052109
31.450   0.0099061
31.460   0.0180670
31.470   0.0267410
31.480   0.0328880
31.490   0.0382120
31.500   0.0427450
31.510   0.0414730
31.520   0.0307220
31.530   0.0138640
31.540  -0.0030569
31.550  -0.0161010
31.560  -0.0226270
31.570  -0.0217150
31.580  -0.0182520
31.590  -0.0201590
31.600  -0.0288000
31.610  -0.0392040
31.620  -0.0506540
31.630  -0.0671480
31.640  -0.0859320
31.650  -0.0981540
31.660  -0.1050800
31.670  -0.1179800
31.680  -0.1335400
31.690  -0.1282300
31.700  -0.0921790
31.710  -0.0502940
31.720  -0.0300140
31.730  -0.0256990
31.740  -0.0152650
31.750   0.0041375
31.760   0.0189040
31.770   0.0254300
31.780   0.0316830
31.790   0.0396850
31.800   0.0439950
31.810   0.0438980
31.820   0.0436160
31.830   0.0442320
31.840   0.0442370
31.850   0.0433280
31.860   0.0394650
31.870   0.0285430
31.880   0.0111270
31.890  -0.0058859
31.900  -0.0182430
31.910  -0.0284740
31.920  -0.0399140
31.930  -0.0519980
31.940  -0.0639470
31.950  -0.0772790
31.960  -0.0921380
31.970  -0.1043200
31.980  -0.1092000
31.990  -0.1066100
32.000  -0.1000900
32.010  -0.0927770
32.020  -0.0861320
32.030  -0.0811120
32.040  -0.0778390
32.050  -0.0743620
32.060  -0.0675440
32.070  -0.0558920
32.080  -0.0403970
32.090  -0.0236570
32.100  -0.0077956
32.110   0.0061749
32.120   0.0180520
32.130   0.0270580
32.140   0.0330050
32.150   0.0377980
32.160   0.0444760
32.170   0.0534860
32.180   0.0634920
32.190   0.0744110
32.200   0.0860980
32.210   0.0935330
32.220   0.0906990
32.230   0.0793140
32.240   0.0688250
32.250   0.0659620
32.260   0.0688970
32.270   0.0718030
32.280   0.0699860
32.290   0.0612360
32.300   0.0467760
32.310   0.0322530
32.320   0.0227900
32.330   0.0184530
32.340   0.0156300
32.350   0.0122000
32.360   0.0083818
32.370   0.0061218
32.380   0.0080744
32.390   0.0161060
32.400   0.0282710
32.410   0.0390010
32.420   0.0432050
32.430   0.0402290
32.440   0.0339530
32.450   0.0289430
32.460   0.0266560
32.470   0.0246720
32.480   0.0204760
32.490   0.0145880
32.500   0.0093817
32.510   0.0062793
32.520   0.0055056
32.530   0.0061683
32.540   0.0057643
32.550   0.0019268
32.560  -0.0046686
32.570  -0.0117040
32.580  -0.0181980
32.590  -0.0237570
32.600  -0.0262110
32.610  -0.0236480
32.620  -0.0172270
32.630  -0.0092134
32.640  -0.0001666
32.650   0.0089556
32.660   0.0146270
32.670   0.0141620
32.680   0.0089453
32.690   0.0017130
32.700  -0.0057683
32.710  -0.0098297
32.720  -0.0049091
32.730   0.0091965
32.740   0.0243530
32.750   0.0327230
32.760   0.0349710
32.770   0.0364640
32.780   0.0392150
32.790   0.0418660
32.800   0.0443980
32.810   0.0475020
32.820   0.0503260
32.830   0.0524270
32.840   0.0559750
32.850   0.0610380
32.860   0.0631860
32.870   0.0588900
32.880   0.0515960
32.890   0.0466660
32.900   0.0440560
32.910   0.0400080
32.920   0.0340160
32.930   0.0286520
32.940   0.0247430
32.950   0.0207980
32.960   0.0153240
32.970   0.0073852
32.980  -0.0037463
32.990  -0.0167670
33.000  -0.0282010
33.010  -0.0342970
33.020  -0.0328120
33.030  -0.0229280
33.040  -0.0068722
33.050   0.0100120
33.060   0.0232210
33.070   0.0328230
33.080   0.0403860
33.090   0.0455710
33.100   0.0485580
33.110   0.0524600
33.120   0.0588050
33.130   0.0642910
33.140   0.0659130
33.150   0.0653450
33.160   0.0641780
33.170   0.0598720
33.180   0.0510450
33.190   0.0418380
33.200   0.0366050
33.210   0.0345060
33.220   0.0333560
33.230   0.0342790
33.240   0.0382230
33.250   0.0421720
33.260   0.0434090
33.270   0.0444170
33.280   0.0493260
33.290   0.0582210
33.300   0.0667840
33.310   0.0702590
33.320   0.0665030
33.330   0.0577670
33.340   0.0481410
33.350   0.0393230
33.360   0.0300150
33.370   0.0211970
33.380   0.0163630
33.390   0.0153020
33.400   0.0121820
33.410   0.0035710
33.420  -0.0071730
33.430  -0.0154610
33.440  -0.0204760
33.450  -0.0221570
33.460  -0.0193220
33.470  -0.0137440
33.480  -0.0107980
33.490  -0.0137290
33.500  -0.0212980
33.510  -0.0321230
33.520  -0.0456250
33.530  -0.0589600
33.540  -0.0689600
33.550  -0.0777320
33.560  -0.0902080
33.570  -0.1057200
33.580  -0.1182400
33.590  -0.1254100
33.600  -0.1312900
33.610  -0.1394100
33.620  -0.1483300
33.630  -0.1554700
33.640  -0.1604900
33.650  -0.1629800
33.660  -0.1608400
33.670  -0.1530600
33.680  -0.1421500
33.690  -0.1322900
33.700  -0.1257100
33.710  -0.1213200
33.720  -0.1165500
33.730  -0.1099600
33.740  -0.1019200
33.750  -0.0931140
33.760  -0.0838140
33.770  -0.0746540
33.780  -0.0666670
33.790  -0.0590400
33.800  -0.0499010
33.810  -0.0392360
33.820  -0.0283340
33.830  -0.0156850
33.840   0.0014270
33.850   0.0211300
33.860   0.0373230
33.870   0.0479410
33.880   0.0571720
33.890   0.0683820
33.900   0.0795160
33.910   0.0874990
33.920   0.0914240
33.930   0.0907500
33.940   0.0845150
33.950   0.0735430
33.960   0.0596830
33.970   0.0438480
33.980   0.0283640
33.990   0.0185370
34.000   0.0168080
34.010   0.0183640
34.020   0.0172720
34.030   0.0132200
34.040   0.0077564
34.050  -0.0008173
34.060  -0.0133270
34.070  -0.0246410
34.080  -0.0298920
34.090  -0.0319530
34.100  -0.0367690
34.110  -0.0437990
34.120  -0.0485820
34.130  -0.0507720
34.140  -0.0536070
34.150  -0.0567150
34.160  -0.0562820
34.170  -0.0504150
34.180  -0.0407850
34.190  -0.0301350
34.200  -0.0213120
34.210  -0.0163990
34.220  -0.0137340
34.230  -0.0092795
34.240  -0.0034628
34.250  -0.0028130
34.260  -0.0104240
34.270  -0.0196550
34.280  -0.0217090
34.290  -0.0161820
34.300  -0.0091729
34.310  -0.0046136
34.320  -0.0018860
34.330  -0.0000482
34.340   0.0005444
34.350  -0.0004017
34.360  -0.0018885
34.370  -0.0015607
34.380   0.0035004
34.390   0.0135610
34.400   0.0242700
34.410   0.0298830
34.420   0.0293070
34.430   0.0262840
34.440   0.0235180
34.450   0.0194010
34.460   0.0126290
34.470   0.0060070
34.480   0.0036549
34.490   0.0059194
34.500   0.0097446
34.510   0.0128570
34.520   0.0156870
34.530   0.0189940
34.540   0.0221450
34.550   0.0248220
34.560   0.0286440
34.570   0.0349940
34.580   0.0415400
34.590   0.0434170
34.600   0.0386380
34.610   0.0309260
34.620   0.0254590
34.630   0.0243180
34.640   0.0268350
34.650   0.0324840
34.660   0.0399110
34.670   0.0460320
34.680   0.0489340
34.690   0.0498340
34.700   0.0492810
34.710   0.0445470
34.720   0.0350680
34.730   0.0262730
34.740   0.0237460
34.750   0.0247190
34.760   0.0223940
34.770   0.0153800
34.780   0.0090344
34.790   0.0068214
34.800   0.0068173
34.810   0.0054451
34.820   0.0025057
34.830  -0.0000128
34.840  -0.0010161
34.850  -0.0015187
34.860  -0.0025916
34.870  -0.0043809
34.880  -0.0059874
34.890  -0.0066595
34.900  -0.0061911
34.910  -0.0053315
34.920  -0.0055335
34.930  -0.0076995
34.940  -0.0107510
34.950  -0.0127220
34.960  -0.0133370
34.970  -0.0135100
34.980  -0.0129490
34.990  -0.0106720
35.000  -0.0073259
35.010  -0.0049356
35.020  -0.0038862
35.030  -0.0033330
35.040  -0.0036007
35.050  -0.0058978
35.060  -0.0090404
35.070  -0.0103520
35.080  -0.0096936
35.090  -0.0095628
35.100  -0.0104700
35.110  -0.0097424
35.120  -0.0059995
35.130  -0.0012506
35.140   0.0030588
35.150   0.0087227
35.160   0.0164960
35.170   0.0230490
35.180   0.0247240
35.190   0.0225830
35.200   0.0197010
35.210   0.0170710
35.220   0.0146630
35.230   0.0148790
35.240   0.0196990
35.250   0.0270770
35.260   0.0332640
35.270   0.0379950
35.280   0.0435860
35.290   0.0508040
35.300   0.0578480
35.310   0.0636110
35.320   0.0681930
35.330   0.0710620
35.340   0.0695130
35.350   0.0614330
35.360   0.0483160
35.370   0.0360250
35.380   0.0296240
35.390   0.0290200
35.400   0.0302220
35.410   0.0311780
35.420   0.0331550
35.430   0.0374080
35.440   0.0430800
35.450   0.0491590
35.460   0.0552820
35.470   0.0600630
35.480   0.0612990
35.490   0.0589000
35.500   0.0550940
35.510   0.0519290
35.520   0.0489600
35.530   0.0446880
35.540   0.0381060
35.550   0.0302110
35.560   0.0226780
35.570   0.0161690
35.580   0.0094029
35.590   0.0021810
35.600  -0.0028365
35.610  -0.0028663
35.620   0.0009412
35.630   0.0055039
35.640   0.0098659
35.650   0.0144250
35.660   0.0171300
35.670   0.0153450
35.680   0.0099031
35.690   0.0035245
35.700  -0.0042955
35.710  -0.0153330
35.720  -0.0275600
35.730  -0.0368550
35.740  -0.0442600
35.750  -0.0552990
35.760  -0.0725930
35.770  -0.0921570
35.780  -0.1086800
35.790  -0.1196900
35.800  -0.1257000
35.810  -0.1279000
35.820  -0.1261900
35.830  -0.1178700
35.840  -0.1014300
35.850  -0.0816290
35.860  -0.0664070
35.870  -0.0573980
35.880  -0.0491700
35.890  -0.0392200
35.900  -0.0323010
35.910  -0.0317410
35.920  -0.0329930
35.930  -0.0301800
35.940  -0.0236130
35.950  -0.0176370
35.960  -0.0146270
35.970  -0.0153300
35.980  -0.0204810
35.990  -0.0298070
36.000  -0.0406550
36.010  -0.0506390
36.020  -0.0590910
36.030  -0.0662900
36.040  -0.0723920
36.050  -0.0783670
36.060  -0.0852570
36.070  -0.0928330
36.080  -0.0997630
36.090  -0.1056500
36.100  -0.1102900
36.110  -0.1129000
36.120  -0.1129200
36.130  -0.1117200
36.140  -0.1106800
36.150  -0.1093400
36.160  -0.1064800
36.170  -0.1025600
36.180  -0.0987740
36.190  -0.0953950
36.200  -0.0922920
36.210  -0.0888880
36.220  -0.0826300
36.230  -0.0710490
36.240  -0.0566020
36.250  -0.0459700
36.260  -0.0434320
36.270  -0.0469730
36.280  -0.0516440
36.290  -0.0535300
36.300  -0.0505560
36.310  -0.0432450
36.320  -0.0351800
36.330  -0.0292740
36.340  -0.0246180
36.350  -0.0194970
36.360  -0.0140750
36.370  -0.0076306
36.380   0.0022507
36.390   0.0146020
36.400   0.0241640
36.410   0.0285580
36.420   0.0316170
36.430   0.0366340
36.440   0.0414770
36.450   0.0434600
36.460   0.0436160
36.470   0.0433970
36.480   0.0414980
36.490   0.0373450
36.500   0.0329440
36.510   0.0297740
36.520   0.0264590
36.530   0.0222580
36.540   0.0190000
36.550   0.0189630
36.560   0.0224800
36.570   0.0288600
36.580   0.0371910
36.590   0.0460590
36.600   0.0539480
36.610   0.0605210
36.620   0.0663720
36.630   0.0720530
36.640   0.0775460
36.650   0.0828340
36.660   0.0877560
36.670   0.0927660
36.680   0.0993480
36.690   0.1087300
36.700   0.1189500
36.710   0.1264000
36.720   0.1309800
36.730   0.1371000
36.740   0.1471100
36.750   0.1569200
36.760   0.1606800
36.770   0.1584600
36.780   0.1550500
36.790   0.1531900
36.800   0.1509700
36.810   0.1468800
36.820   0.1429100
36.830   0.1419100
36.840   0.1426300
36.850   0.1410900
36.860   0.1358700
36.870   0.1299400
36.880   0.1261400
36.890   0.1236000
36.900   0.1192900
36.910   0.1113900
36.920   0.1003200
36.930   0.0877210
36.940   0.0756560
36.950   0.0649670
36.960   0.0545470
36.970   0.0430290
36.980   0.0311500
36.990   0.0205580
37.000   0.0117900
37.010   0.0048502
37.020   0.0003971
37.030  -0.0016923
37.040  -0.0036830
37.050  -0.0075215
37.060  -0.0124170
37.070  -0.0167540
37.080  -0.0211130
37.090  -0.0269290
37.100  -0.0331010
37.110  -0.0368150
37.120  -0.0373930
37.130  -0.0375480
37.140  -0.0393250
37.150  -0.0414050
37.160  -0.0419010
37.170  -0.0418620
37.180  -0.0425190
37.190  -0.0421350
37.200  -0.0386090
37.210  -0.0329850
37.220  -0.0261510
37.230  -0.0164090
37.240  -0.0048152
37.250   0.0007110
37.260  -0.0051975
37.270  -0.0163130
37.280  -0.0222750
37.290  -0.0225990
37.300  -0.0241280
37.310  -0.0294900
37.320  -0.0357260
37.330  -0.0428820
37.340  -0.0533190
37.350  -0.0648710
37.360  -0.0715640
37.370  -0.0720340
37.380  -0.0700960
37.390  -0.0684970
37.400  -0.0666690
37.410  -0.0645480
37.420  -0.0625530
37.430  -0.0590190
37.440  -0.0514040
37.450  -0.0409360
37.460  -0.0311410
37.470  -0.0236330
37.480  -0.0173640
37.490  -0.0120410
37.500  -0.0082785
37.510  -0.0061267
37.520  -0.0056606
37.530  -0.0079984
37.540  -0.0130850
37.550  -0.0182380
37.560  -0.0215420
37.570  -0.0246650
37.580  -0.0293930
37.590  -0.0333900
37.600  -0.0334220
37.610  -0.0298890
37.620  -0.0252970
37.630  -0.0201770
37.640  -0.0145390
37.650  -0.0092003
37.660  -0.0047351
37.670  -0.0005779
37.680   0.0024669
37.690   0.0030769
37.700   0.0028089
37.710   0.0056692
37.720   0.0122660
37.730   0.0187080
37.740   0.0223920
37.750   0.0248810
37.760   0.0279730
37.770   0.0307910
37.780   0.0317110
37.790   0.0307420
37.800   0.0290220
37.810   0.0275830
37.820   0.0261250
37.830   0.0234100
37.840   0.0192180
37.850   0.0160110
37.860   0.0155530
37.870   0.0149520
37.880   0.0091183
37.890  -0.0022117
37.900  -0.0133860
37.910  -0.0188070
37.920  -0.0176550
37.930  -0.0126580
37.940  -0.0072268
37.950  -0.0034858
37.960  -0.0015847
37.970  -0.0003646
37.980  -0.0001221
37.990  -0.0019127
38.000  -0.0045395
38.010  -0.0045698
38.020  -0.0016336
38.030   0.0005866
38.040  -0.0003416
38.050  -0.0022770
38.060  -0.0029736
38.070  -0.0037295
38.080  -0.0061485
38.090  -0.0089807
38.100  -0.0104920
38.110  -0.0108170
38.120  -0.0104700
38.130  -0.0096627
38.140  -0.0093150
38.150  -0.0099532
38.160  -0.0100780
38.170  -0.0085593
38.180  -0.0068991
38.190  -0.0062538
38.200  -0.0039282
38.210   0.0033044
38.220   0.0140430
38.230   0.0230460
38.240   0.0260660
38.250   0.0228800
38.260   0.0171780
38.270   0.0130970
38.280   0.0090016
38.290  -0.0020227
38.300  -0.0205520
38.310  -0.0351980
38.320  -0.0359240
38.330  -0.0287080
38.340  -0.0267210
38.350  -0.0326590
38.360  -0.0396730
38.370  -0.0474050
38.380  -0.0627680
38.390  -0.0854770
38.400  -0.1048700
38.410  -0.1139900
38.420  -0.1163400
38.430  -0.1160300
38.440  -0.1109700
38.450  -0.0990380
38.460  -0.0830470
38.470  -0.0647770
38.480  -0.0419540
38.490  -0.0148020
38.500   0.0102030
38.510   0.0278530
38.520   0.0391280
38.530   0.0467120
38.540   0.0516080
38.550   0.0562150
38.560   0.0640330
38.570   0.0742510
38.580   0.0827310
38.590   0.0881060
38.600   0.0900120
38.610   0.0833840
38.620   0.0645220
38.630   0.0415150
38.640   0.0271480
38.650   0.0227710
38.660   0.0187070
38.670   0.0095418
38.680  -0.0016341
38.690  -0.0121910
38.700  -0.0231900
38.710  -0.0334990
38.720  -0.0388490
38.730  -0.0375240
38.740  -0.0323970
38.750  -0.0274430
38.760  -0.0245770
38.770  -0.0231350
38.780  -0.0220430
38.790  -0.0231660
38.800  -0.0300840
38.810  -0.0414060
38.820  -0.0499230
38.830  -0.0516990
38.840  -0.0512240
38.850  -0.0541150
38.860  -0.0600680
38.870  -0.0662300
38.880  -0.0721590
38.890  -0.0783880
38.900  -0.0844320
38.910  -0.0909090
38.920  -0.0990790
38.930  -0.1071300
38.940  -0.1106600
38.950  -0.1077300
38.960  -0.0999540
38.970  -0.0896770
38.980  -0.0788670
38.990  -0.0699570
39.000  -0.0636390
39.010  -0.0573890
39.020  -0.0481200
39.030  -0.0368480
39.040  -0.0275810
39.050  -0.0236600
39.060  -0.0253810
39.070  -0.0313430
39.080  -0.0385380
39.090  -0.0430650
39.100  -0.0418000
39.110  -0.0345940
39.120  -0.0228530
39.130  -0.0069884
39.140   0.0129360
39.150   0.0339190
39.160   0.0506510
39.170   0.0604200
39.180   0.0649380
39.190   0.0671700
39.200   0.0688570
39.210   0.0709500
39.220   0.0736870
39.230   0.0754800
39.240   0.0737300
39.250   0.0675470
39.260   0.0592720
39.270   0.0524420
39.280   0.0489390
39.290   0.0473530
39.300   0.0442250
39.310   0.0370180
39.320   0.0265010
39.330   0.0146010
39.340   0.0018349
39.350  -0.0121670
39.360  -0.0264550
39.370  -0.0395280
39.380  -0.0505900
39.390  -0.0587040
39.400  -0.0628270
39.410  -0.0634450
39.420  -0.0628360
39.430  -0.0615700
39.440  -0.0583470
39.450  -0.0522560
39.460  -0.0442630
39.470  -0.0351240
39.480  -0.0255200
39.490  -0.0167000
39.500  -0.0094690
39.510  -0.0025158
39.520   0.0052431
39.530   0.0135360
39.540   0.0239740
39.550   0.0403350
39.560   0.0612430
39.570   0.0789070
39.580   0.0892600
39.590   0.0976640
39.600   0.1088700
39.610   0.1191700
39.620   0.1233800
39.630   0.1232000
39.640   0.1212500
39.650   0.1150900
39.660   0.1028500
39.670   0.0892370
39.680   0.0793750
39.690   0.0729450
39.700   0.0678460
39.710   0.0640560
39.720   0.0605360
39.730   0.0544780
39.740   0.0456950
39.750   0.0366170
39.760   0.0283170
39.770   0.0211230
39.780   0.0173630
39.790   0.0176840
39.800   0.0181040
39.810   0.0152860
39.820   0.0124010
39.830   0.0144810
39.840   0.0206590
39.850   0.0252010
39.860   0.0242960
39.870   0.0188890
39.880   0.0125240
39.890   0.0085209
39.900   0.0080003
39.910   0.0105310
39.920   0.0164110
39.930   0.0266510
39.940   0.0401310
39.950   0.0535540
39.960   0.0648110
39.970   0.0733420
39.980   0.0774490
39.990   0.0751480
40.000   0.0684240
40.010   0.0616210
40.020   0.0565300
40.030   0.0517480
40.040   0.0475970
40.050   0.0460160
40.060   0.0472120
40.070   0.0492330
40.080   0.0514790
40.090   0.0539550
40.100   0.0553560
40.110   0.0551030
40.120   0.0556450
40.130   0.0580660
40.140   0.0576280
40.150   0.0487790
40.160   0.0335500
40.170   0.0199190
40.180   0.0119580
40.190   0.0069154
40.200   0.0018942
40.210  -0.0010188
40.220   0.0012539
40.230   0.0073206
40.240   0.0116790
40.250   0.0101900
40.260   0.0036030
40.270  -0.0037474
40.280  -0.0087073
40.290  -0.0114250
40.300  -0.0134310
40.310  -0.0151060
40.320  -0.0162760
40.330  -0.0172110
40.340  -0.0180790
40.350  -0.0183110
40.360  -0.0178540
40.370  -0.0177680
40.380  -0.0186820
40.390  -0.0203480
40.400  -0.0236240
40.410  -0.0299620
40.420  -0.0380520
40.430  -0.0430900
40.440  -0.0417130
40.450  -0.0354330
40.460  -0.0287270
40.470  -0.0244590
40.480  -0.0229670
40.490  -0.0234440
40.500  -0.0244740
40.510  -0.0233540
40.520  -0.0173620
40.530  -0.0061603
40.540   0.0073176
40.550   0.0182690
40.560   0.0225240
40.570   0.0196320
40.580   0.0135560
40.590   0.0093083
40.600   0.0084326
40.610   0.0092770
40.620   0.0100900
40.630   0.0096868
40.640   0.0047819
40.650  -0.0079550
40.660  -0.0263820
40.670  -0.0430750
40.680  -0.0532840
40.690  -0.0583350
40.700  -0.0607350
40.710  -0.0601860
40.720  -0.0568010
40.730  -0.0546720
40.740  -0.0592770
40.750  -0.0719350
40.760  -0.0880360
40.770  -0.1000100
40.780  -0.1026900
40.790  -0.0976690
40.800  -0.0918940
40.810  -0.0901990
40.820  -0.0906130
40.830  -0.0883600
40.840  -0.0830250
40.850  -0.0788200
40.860  -0.0781790
40.870  -0.0777440
40.880  -0.0731960
40.890  -0.0654850
40.900  -0.0595460
40.910  -0.0577460
40.920  -0.0584140
40.930  -0.0598910
40.940  -0.0622550
40.950  -0.0632070
40.960  -0.0576240
40.970  -0.0433050
40.980  -0.0249920
40.990  -0.0093194
41.000   0.0015143
41.010   0.0101540
41.020   0.0194340
41.030   0.0292040
41.040   0.0374070
41.050   0.0421210
41.060   0.0422800
41.070   0.0377090
41.080   0.0302720
41.090   0.0241120
41.100   0.0229540
41.110   0.0267430
41.120   0.0331430
41.130   0.0419330
41.140   0.0544850
41.150   0.0696510
41.160   0.0839250
41.170   0.0945440
41.180   0.0998380
41.190   0.0987350
41.200   0.0916210
41.210   0.0793500
41.220   0.0612270
41.230   0.0383170
41.240   0.0183930
41.250   0.0117860
41.260   0.0222920
41.270   0.0457120
41.280   0.0731010
41.290   0.0888590
41.300   0.0738660
41.310   0.0214730
41.320  -0.0524220
41.330  -0.1243300
41.340  -0.1829000
41.350  -0.2280900
41.360  -0.2582400
41.370  -0.2687200
41.380  -0.2584200
41.390  -0.2295700
41.400  -0.1825100
41.410  -0.1156000
41.420  -0.0318460
41.430   0.0562730
41.440   0.1300500
41.450   0.1752400
41.460   0.1888800
41.470   0.1772600
41.480   0.1494900
41.490   0.1112600
41.500   0.0597270
41.510  -0.0102060
41.520  -0.0855020
41.530  -0.1248900
41.540  -0.0911140
41.550  -0.0024447
41.560   0.0672550
41.570   0.0643830
41.580   0.0191670
41.590   0.0042776
41.600   0.0349090
41.610   0.0477790
41.620   0.0011981
41.630  -0.0454450
41.640   0.0017116
41.650   0.1356900
41.660   0.2391400
41.670   0.2136500
41.680   0.0794580
41.690  -0.0616000
41.700  -0.1260100
41.710  -0.1014200
41.720  -0.0352280
41.730   0.0146990
41.740   0.0308340
41.750   0.0461550
41.760   0.0921790
41.770   0.1493300
41.780   0.1633700
41.790   0.1058800
41.800   0.0023058
41.810  -0.0962170
41.820  -0.1576700
41.830  -0.1840100
41.840  -0.1850600
41.850  -0.1508800
41.860  -0.0677050
41.870   0.0419250
41.880   0.0000000
