 0.000   0.0000000
 0.020  -0.0225700
 0.040  -0.0070800
 0.060   0.0033900
 0.080  -0.0013900
 0.100   0.0119900
 0.120   0.0321300
 0.140   0.0352100
 0.160   0.0247900
 0.180  -0.0115300
 0.200  -0.0431700
 0.220  -0.0542300
 0.240  -0.0606700
 0.260  -0.0476900
 0.280  -0.0093600
 0.300   0.0344400
 0.320   0.0728300
 0.340   0.0900600
 0.360   0.0676400
 0.380   0.0329300
 0.400   0.0313500
 0.420   0.0126400
 0.440   0.0021000
 0.460   0.0179700
 0.480   0.0048600
 0.500   0.0308800
 0.520   0.0570700
 0.540   0.0191500
 0.560  -0.0314100
 0.580  -0.0708700
 0.600  -0.1055000
 0.620  -0.1195900
 0.640  -0.1118400
 0.660  -0.0683300
 0.680  -0.0421000
 0.700  -0.0293400
 0.720   0.0001200
 0.740   0.0066100
 0.760   0.0213800
 0.780  -0.0114700
 0.800  -0.0342000
 0.820   0.0172100
 0.840   0.0300300
 0.860   0.0133400
 0.880   0.0332800
 0.900   0.0428400
 0.920   0.0138100
 0.940   0.0229100
 0.960   0.0684000
 0.980   0.0755200
 1.000   0.0527200
 1.020  -0.0014400
 1.040  -0.0617800
 1.060  -0.0532000
 1.080  -0.0263100
 1.100   0.0438400
 1.120   0.1248000
 1.140   0.1303200
 1.160   0.0822300
 1.180   0.0418200
 1.200  -0.0154800
 1.220  -0.0230600
 1.240   0.0106800
 1.260  -0.0486500
 1.280  -0.0985100
 1.300  -0.1444500
 1.320  -0.2147500
 1.340  -0.1600600
 1.360  -0.0214800
 1.380   0.0553800
 1.400   0.0671500
 1.420   0.0072900
 1.440  -0.0542400
 1.460  -0.0686000
 1.480  -0.0198600
 1.500   0.0217100
 1.520   0.0756100
 1.540   0.1285400
 1.560   0.1268700
 1.580   0.1279500
 1.600   0.0461300
 1.620  -0.0188100
 1.640   0.0112100
 1.660   0.0422200
 1.680   0.0303100
 1.700   0.0383500
 1.720   0.0048200
 1.740  -0.1081700
 1.760  -0.0995100
 1.780  -0.0434200
 1.800  -0.0696100
 1.820  -0.0723800
 1.840  -0.0718800
 1.860  -0.0634800
 1.880  -0.0319100
 1.900  -0.0442600
 1.920  -0.0511800
 1.940  -0.0318700
 1.960   0.0058200
 1.980   0.0083200
 2.000   0.0495400
 2.020   0.1239700
 2.040   0.1232800
 2.060   0.0779700
 2.080   0.0661500
 2.100   0.0595000
 2.120   0.0063600
 2.140   0.0032700
 2.160   0.0060800
 2.180   0.0850700
 2.200   0.1710200
 2.220   0.1527400
 2.240   0.1578800
 2.260   0.1694700
 2.280   0.0621100
 2.300  -0.0856300
 2.320  -0.1670100
 2.340  -0.2565200
 2.360  -0.2063200
 2.380  -0.0008100
 2.400   0.0585700
 2.420   0.0107800
 2.440   0.0055900
 2.460  -0.0927900
 2.480  -0.1902000
 2.500  -0.0817600
 2.520  -0.0128500
 2.540  -0.0201400
 2.560  -0.0143000
 2.580  -0.0318900
 2.600  -0.0273500
 2.620   0.0836300
 2.640   0.1716900
 2.660   0.1634300
 2.680   0.1876500
 2.700   0.1949900
 2.720   0.1550100
 2.740   0.1425000
 2.760   0.1338200
 2.780   0.0678700
 2.800   0.0417700
 2.820   0.0141600
 2.840   0.0050300
 2.860  -0.0586400
 2.880  -0.0807600
 2.900  -0.0348600
 2.920  -0.1051500
 2.940  -0.2111000
 2.960  -0.3409600
 2.980  -0.3927900
 3.000  -0.2631800
 3.020  -0.0350900
 3.040   0.1051000
 3.060   0.0729500
 3.080  -0.0061300
 3.100  -0.0934300
 3.120  -0.0951700
 3.140  -0.1167700
 3.160  -0.1377300
 3.180   0.0135300
 3.200   0.1287500
 3.220   0.1551100
 3.240   0.2054000
 3.260   0.2168100
 3.280   0.1001500
 3.300  -0.0179600
 3.320  -0.0800800
 3.340  -0.1825000
 3.360  -0.2304800
 3.380  -0.1032200
 3.400  -0.0464100
 3.420   0.0062800
 3.440   0.0782100
 3.460  -0.0038500
 3.480  -0.0574900
 3.500  -0.1043500
 3.520  -0.0987700
 3.540  -0.0127800
 3.560   0.1125000
 3.580   0.1213400
 3.600   0.0853200
 3.620   0.0363500
 3.640  -0.1586700
 3.660  -0.2686800
 3.680  -0.1968100
 3.700  -0.1720700
 3.720  -0.1901300
 3.740  -0.0194000
 3.760   0.1371500
 3.780   0.1921800
 3.800   0.2284000
 3.820   0.1810500
 3.840   0.0709100
 3.860  -0.0070500
 3.880  -0.0784400
 3.900  -0.1129200
 3.920  -0.0676700
 3.940   0.0122600
 3.960   0.0427200
 3.980   0.0212900
 4.000   0.0883700
 4.020   0.1081000
 4.040   0.0447500
 4.060   0.0476400
 4.080  -0.0296800
 4.100  -0.1121300
 4.120  -0.1930600
 4.140  -0.2330300
 4.160  -0.1662500
 4.180  -0.0587700
 4.200   0.0316100
 4.220   0.1220900
 4.240   0.1990300
 4.260   0.1376700
 4.280   0.0746300
 4.300   0.0889000
 4.320   0.0517700
 4.340  -0.0191800
 4.360   0.0398600
 4.380   0.0835900
 4.400   0.0728700
 4.420   0.1031400
 4.440   0.0820500
 4.460   0.0467600
 4.480   0.0308300
 4.500  -0.0376100
 4.520  -0.0391200
 4.540   0.0353600
 4.560  -0.0049600
 4.580  -0.0554700
 4.600  -0.0118100
 4.620   0.0514600
 4.640   0.0810100
 4.660   0.0637500
 4.680  -0.0255900
 4.700  -0.1108700
 4.720  -0.0727700
 4.740  -0.0215300
 4.760   0.0109800
 4.780   0.0910100
 4.800   0.1288400
 4.820   0.1739900
 4.840   0.1907200
 4.860   0.1443000
 4.880   0.1491800
 4.900   0.1590500
 4.920   0.1332900
 4.940   0.1526700
 4.960   0.1547600
 4.980   0.0869400
 5.000   0.1359900
 5.020   0.1624800
 5.040   0.1080800
 5.060   0.0542200
 5.080  -0.0724700
 5.100  -0.1881000
 5.120  -0.2010500
 5.140  -0.2029700
 5.160  -0.2199100
 5.180  -0.1227600
 5.200  -0.0600100
 5.220  -0.0744100
 5.240  -0.0964800
 5.260  -0.1540200
 5.280  -0.1767900
 5.300  -0.1542000
 5.320  -0.1290100
 5.340  -0.0861300
 5.360  -0.0124100
 5.380   0.0431700
 5.400   0.0473300
 5.420   0.0758000
 5.440   0.1013200
 5.460   0.0817100
 5.480   0.0963300
 5.500   0.1195600
 5.520   0.0920900
 5.540   0.0288600
 5.560   0.0026700
 5.580  -0.0058500
 5.600   0.0062700
 5.620   0.0177000
 5.640   0.0087800
 5.660   0.0329500
 5.680   0.0210700
 5.700  -0.0311600
 5.720  -0.0651500
 5.740  -0.0965000
 5.760  -0.1261400
 5.780  -0.1308800
 5.800  -0.1363200
 5.820  -0.1889600
 5.840  -0.1856100
 5.860  -0.1233900
 5.880  -0.0685500
 5.900  -0.0270800
 5.920  -0.0009800
 5.940   0.0053700
 5.960   0.0145600
 5.980   0.0248300
 6.000   0.0143200
 6.020  -0.0327200
 6.040  -0.0676200
 6.060  -0.0621500
 6.080  -0.0300400
 6.100   0.0272600
 6.120   0.0881600
 6.140   0.1123100
 6.160   0.1353800
 6.180   0.1841400
 6.200   0.1071100
 6.220   0.0229000
 6.240  -0.0103300
 6.260  -0.0835200
 6.280  -0.0779700
 6.300  -0.0131800
 6.320   0.0113600
 6.340   0.0678000
 6.360   0.0886400
 6.380   0.0350400
 6.400   0.0178800
 6.420  -0.0424900
 6.440  -0.1167300
 6.460  -0.1039700
 6.480  -0.0473300
 6.500  -0.0040000
 6.520   0.0185300
 6.540   0.0594000
 6.560   0.0435800
 6.580  -0.0013400
 6.600  -0.0284800
 6.620  -0.0489100
 6.640  -0.0267400
 6.660  -0.0338000
 6.680  -0.0687100
 6.700  -0.0446200
 6.720   0.0056600
 6.740   0.0118500
 6.760   0.0147900
 6.780   0.0486400
 6.800   0.1020500
 6.820   0.1222900
 6.840   0.1033400
 6.860   0.0843500
 6.880   0.0693600
 6.900   0.0724800
 6.920   0.0879100
 6.940   0.0537900
 6.960   0.0176700
 6.980   0.0512000
 7.000   0.0668000
 7.020   0.0303500
 7.040   0.0142200
 7.060  -0.0136400
 7.080  -0.0519900
 7.100  -0.0748700
 7.120  -0.1160700
 7.140  -0.1454000
 7.160  -0.1675100
 7.180  -0.1480600
 7.200  -0.1008000
 7.220  -0.0433100
 7.240   0.0117400
 7.260   0.0358900
 7.280   0.0915900
 7.300   0.1277500
 7.320   0.0990700
 7.340   0.0970100
 7.360   0.0725600
 7.380   0.0358500
 7.400   0.0317200
 7.420   0.0411500
 7.440   0.0654800
 7.460   0.0567500
 7.480   0.0379800
 7.500   0.0231100
 7.520  -0.0077100
 7.540  -0.0398800
 7.560  -0.0417000
 7.580  -0.0530400
 7.600  -0.0194900
 7.620   0.0514000
 7.640   0.0820100
 7.660   0.1221100
 7.680   0.1161200
 7.700   0.0391800
 7.720  -0.0294100
 7.740  -0.0635300
 7.760  -0.0958300
 7.780  -0.0858500
 7.800  -0.0724200
 7.820  -0.0915000
 7.840  -0.0578800
 7.860   0.0111800
 7.880   0.0509700
 7.900   0.0205700
 7.920  -0.0300600
 7.940  -0.0675200
 7.960  -0.1152700
 7.980  -0.0969000
 8.000  -0.0523200
 8.020  -0.0469500
 8.040  -0.0470000
 8.060  -0.0466900
 8.080  -0.0173300
 8.100   0.0451200
 8.120   0.0662100
 8.140   0.0732300
 8.160   0.0931400
 8.180   0.0621600
 8.200  -0.0007500
 8.220  -0.0629500
 8.240  -0.0874200
 8.260  -0.0631900
 8.280  -0.0003800
 8.300   0.0518900
 8.320   0.0652700
 8.340   0.0663900
 8.360   0.0356600
 8.380  -0.0152600
 8.400  -0.0540300
 8.420  -0.0892700
 8.440  -0.1045100
 8.460  -0.1042300
 8.480  -0.0953300
 8.500  -0.0648200
 8.520  -0.0601400
 8.540  -0.0777600
 8.560  -0.0768700
 8.580  -0.0629100
 8.600  -0.0276200
 8.620   0.0199200
 8.640   0.0339300
 8.660   0.0551200
 8.680   0.1018800
 8.700   0.1085000
 8.720   0.0747100
 8.740   0.0168500
 8.760  -0.0464600
 8.780  -0.0194000
 8.800   0.0491500
 8.820   0.0789400
 8.840   0.1055000
 8.860   0.1154800
 8.880   0.0759200
 8.900   0.0556600
 8.920   0.0172200
 8.940  -0.1047900
 8.960  -0.2506900
 8.980  -0.3540800
 9.000  -0.3984300
 9.020  -0.4152500
 9.040  -0.3940500
 9.060  -0.3402500
 9.080  -0.2313700
 9.100  -0.0651700
 9.120   0.0885100
 9.140   0.1804700
 9.160   0.2287300
 9.180   0.2939100
 9.200   0.3180200
 9.220   0.2252900
 9.240   0.0861500
 9.260  -0.0861500
 9.280  -0.3153300
 9.300  -0.5029500
 9.320  -0.5791200
 9.340  -0.4783300
 9.360  -0.2597100
 9.380  -0.0046600
 9.400   0.2703100
 9.420   0.4681000
 9.440   0.5472400
 9.460   0.5314700
 9.480   0.5037800
 9.500   0.4972400
 9.520   0.5212500
 9.540   0.5208900
 9.560   0.4604700
 9.580   0.3575400
 9.600   0.1979900
 9.620   0.0272300
 9.640  -0.0984200
 9.660  -0.1810100
 9.680  -0.2260500
 9.700  -0.2477200
 9.720  -0.2956300
 9.740  -0.3427400
 9.760  -0.2753200
 9.780  -0.2009100
 9.800  -0.1348600
 9.820   0.0206200
 9.840   0.1814300
 9.860   0.2840000
 9.880   0.3719800
 9.900   0.3584500
 9.920   0.2107800
 9.940  -0.0153700
 9.960  -0.2528800
 9.980  -0.4034200
10.000  -0.4346800
10.020  -0.3435700
10.040  -0.1885200
10.060  -0.0056800
10.080   0.1656100
10.100   0.2983100
10.120   0.3735700
10.140   0.4270400
10.160   0.4126500
10.180   0.2790400
10.200   0.0695800
10.220  -0.1602900
10.240  -0.3626100
10.260  -0.4640800
10.280  -0.4079000
10.300  -0.2238000
10.320  -0.0171000
10.340   0.1124000
10.360   0.1718500
10.380   0.1874400
10.400   0.1297600
10.420  -0.0436100
10.440  -0.2568100
10.460  -0.3926700
10.480  -0.4467500
10.500  -0.3684500
10.520  -0.1466100
10.540   0.0955100
10.560   0.3687700
10.580   0.6028800
10.600   0.6824000
10.620   0.6773200
10.640   0.6166600
10.660   0.5168400
10.680   0.4480900
10.700   0.4934900
10.720   0.5955400
10.740   0.6370700
10.760   0.5076300
10.780   0.2713200
10.800   0.0325300
10.820  -0.2314000
10.840  -0.4527000
10.860  -0.5527700
10.880  -0.5925300
10.900  -0.5979000
10.920  -0.5648000
10.940  -0.5537000
10.960  -0.5367500
10.980  -0.5075700
11.000  -0.4846800
11.020  -0.4751800
11.040  -0.4380200
11.060  -0.3510100
11.080  -0.1993800
11.100  -0.0206300
11.120   0.1394200
11.140   0.2652100
11.160   0.3208200
11.180   0.3485600
11.200   0.3733600
11.220   0.3562800
11.240   0.3541200
11.260   0.5330500
11.280   0.7645400
11.300   0.8700700
11.320   0.8081000
11.340   0.6647200
11.360   0.5002900
11.380   0.3302500
11.400   0.1459300
11.420  -0.0915500
11.440  -0.2073300
11.460  -0.2550800
11.480  -0.3218600
11.500  -0.3251200
11.520  -0.3720800
11.540  -0.4805500
11.560  -0.6095100
11.580  -0.7689300
11.600  -0.9642400
11.620  -1.1607000
11.640  -1.2776800
11.660  -1.2762200
11.680  -1.1929700
11.700  -1.0115200
11.720  -0.7613400
11.740  -0.4629100
11.760  -0.2080100
11.780  -0.0738700
11.800  -0.0731900
11.820  -0.0514100
11.840   0.1680100
11.860   0.5046900
11.880   0.9179600
11.900   1.3045000
11.920   1.4951600
11.940   1.5484000
11.960   1.6134500
11.980   1.6482700
12.000   1.3491300
12.020   0.3624100
12.040  -0.2747300
12.060  -0.4897800
12.080  -1.0435900
12.100  -1.3916500
12.120  -1.3753600
12.140  -1.3946300
12.160  -1.4180600
12.180  -1.3848600
12.200  -1.4424500
12.220  -1.5261500
12.240  -1.5790200
12.260  -1.6390500
12.280  -1.6887000
12.300  -1.7300500
12.320  -1.7169700
12.340  -1.5181000
12.360  -1.1492200
12.380  -0.6454600
12.400  -0.1611800
12.420   0.1782600
12.440   0.5006600
12.460   0.8097400
12.480   1.0719500
12.500   1.3230500
12.520   1.6363900
12.540   2.0377200
12.560   2.3734600
12.580   2.5680100
12.600   2.6634000
12.620   2.7036100
12.640   2.6453800
12.660   2.4194800
12.680   2.0809900
12.700   1.7203900
12.720   1.5594300
12.740   1.5217700
12.760   1.3725000
12.780   1.2741800
12.800   1.1319700
12.820   0.8081500
12.840   0.2633600
12.860  -0.5552600
12.880  -1.4890400
12.900  -2.0047200
12.920  -2.1586000
12.940  -2.2722000
12.960  -2.2315900
12.980  -1.9086800
13.000  -1.6339600
13.020  -1.3877900
13.040  -0.9327200
13.060  -0.1393200
13.080   0.4731900
13.100   0.7034100
13.120   0.8963400
13.140   1.0177700
13.160   1.0534100
13.180   0.9273300
13.200   0.7761100
13.220   0.6570400
13.240   0.5451600
13.260   0.2882600
13.280   0.0397600
13.300  -0.1254800
13.320  -0.3102100
13.340  -0.5754800
13.360  -0.7776200
13.380  -0.8063000
13.400  -0.7007400
13.420  -0.5495000
13.440  -0.5528400
13.460  -0.6462800
13.480  -0.6701500
13.500  -0.6645800
13.520  -0.6988200
13.540  -0.7678900
13.560  -0.8373300
13.580  -0.8119300
13.600  -0.6131300
13.620  -0.3234300
13.640  -0.1296700
13.660  -0.0134400
13.680   0.0543700
13.700   0.0851900
13.720   0.0786200
13.740   0.0719300
13.760   0.0332100
13.780  -0.0778900
13.800  -0.2240600
13.820  -0.3363600
13.840  -0.4150300
13.860  -0.4945900
13.880  -0.5326300
13.900  -0.5304600
13.920  -0.4483500
13.940  -0.2841700
13.960  -0.1053600
13.980   0.0246400
14.000   0.1736300
14.020   0.3697700
14.040   0.5583800
14.060   0.6724800
14.080   0.7221900
14.100   0.7719400
14.120   0.8396100
14.140   0.8722500
14.160   0.9266800
14.180   1.0058800
14.200   1.0809800
14.220   1.2071300
14.240   1.3121300
14.260   1.3637600
14.280   1.4058800
14.300   1.3896300
14.320   1.2334900
14.340   0.8076500
14.360   0.3884900
14.380   0.2574800
14.400   0.3189000
14.420   0.4412000
14.440   0.4670600
14.460   0.3029300
14.480  -0.0003600
14.500  -0.3842600
14.520  -0.8118200
14.540  -1.1015600
14.560  -1.2561000
14.580  -1.3287100
14.600  -1.3244500
14.620  -1.1964300
14.640  -1.0829600
14.660  -0.9703300
14.680  -0.8298800
14.700  -0.7671600
14.720  -0.5935700
14.740  -0.4275200
14.760  -0.2808400
14.780  -0.0989600
14.800   0.0672700
14.820   0.1818300
14.840   0.2213700
14.860   0.2197500
14.880   0.1402100
14.900   0.0084200
14.920  -0.1358900
14.940  -0.2151600
14.960  -0.2164000
14.980  -0.1831700
15.000  -0.1667500
15.020  -0.1299400
15.040  -0.0561000
15.060   0.0729900
15.080   0.2095900
15.100   0.3030700
15.120   0.3195100
15.140   0.1061400
15.160  -0.2686400
15.180  -0.4904100
15.200  -0.6139500
15.220  -0.7015200
15.240  -0.5936000
15.260  -0.4284100
15.280  -0.2871400
15.300  -0.1042200
15.320  -0.0020900
15.340   0.0741000
15.360   0.2506400
15.380   0.3723700
15.400   0.3854700
15.420   0.3561400
15.440   0.3319500
15.460   0.3531300
15.480   0.3970000
15.500   0.4252900
15.520   0.3521800
15.540   0.2812400
15.560   0.2599500
15.580   0.2258500
15.600   0.1968800
15.620   0.1483500
15.640   0.1176400
15.660   0.1452800
15.680   0.2086300
15.700   0.2329200
15.720   0.2493500
15.740   0.3035300
15.760   0.2939200
15.780   0.2657300
15.800   0.2118500
15.820   0.1217000
15.840   0.0890300
15.860   0.0261000
15.880  -0.0550000
15.900  -0.1245200
15.920  -0.2019600
15.940  -0.2220800
15.960  -0.2221800
15.980  -0.1820300
16.000  -0.0878700
16.020   0.0210100
16.040   0.0886000
16.060   0.0889000
16.080   0.0226500
16.100  -0.0795100
16.120  -0.1953000
16.140  -0.3371700
16.160  -0.4514200
16.180  -0.5625600
16.200  -0.6405200
16.220  -0.6662900
16.240  -0.5653700
16.260  -0.3928500
16.280  -0.2944500
16.300  -0.2616400
16.320  -0.2786200
16.340  -0.3345300
16.360  -0.3829600
16.380  -0.4042500
16.400  -0.4065600
16.420  -0.3954000
16.440  -0.3645300
16.460  -0.2764700
16.480  -0.1976800
16.500  -0.1451900
16.520  -0.0737800
16.540   0.0009800
16.560   0.0448000
16.580   0.0671300
16.600   0.1096200
16.620   0.1711600
16.640   0.2218900
16.660   0.2567100
16.680   0.2710700
16.700   0.2559200
16.720   0.2310300
16.740   0.2051900
16.760   0.1389500
16.780   0.0145000
16.800  -0.0485100
16.820  -0.0194300
16.840   0.0511100
16.860   0.1708600
16.880   0.3172600
16.900   0.4640500
16.920   0.6036200
16.940   0.7183400
16.960   0.8257900
16.980   0.8747400
17.000   0.8949300
17.020   0.9109500
17.040   0.8575600
17.060   0.7604500
17.080   0.6438400
17.100   0.5371200
17.120   0.4033300
17.140   0.2080900
17.160   0.0446200
17.180  -0.0394200
17.200  -0.0910800
17.220  -0.1324300
17.240  -0.1374500
17.260  -0.1018300
17.280  -0.0601900
17.300   0.0240700
17.320   0.1605900
17.340   0.2208700
17.360   0.2488700
17.380   0.2493500
17.400   0.1583500
17.420   0.0002700
17.440  -0.1729900
17.460  -0.3269700
17.480  -0.5082800
17.500  -0.6672500
17.520  -0.7771100
17.540  -0.7934700
17.560  -0.7609900
17.580  -0.6798100
17.600  -0.5602300
17.620  -0.4603800
17.640  -0.3205200
17.660  -0.1148500
17.680   0.0295600
17.700   0.0384000
17.720  -0.0123900
17.740  -0.1070600
17.760  -0.2465800
17.780  -0.3530800
17.800  -0.4103000
17.820  -0.4086500
17.840  -0.3772400
17.860  -0.4006300
17.880  -0.4613400
17.900  -0.5082600
17.920  -0.4945900
17.940  -0.4714100
17.960  -0.4675800
17.980  -0.4520800
18.000  -0.4109800
18.020  -0.3302800
18.040  -0.2347000
18.060  -0.1356500
18.080  -0.0315900
18.100   0.0306200
18.120   0.0802300
18.140   0.1199700
18.160   0.1412400
18.180   0.1648300
18.200   0.2080000
18.220   0.2853500
18.240   0.3600200
18.260   0.4050800
18.280   0.4378000
18.300   0.4707000
18.320   0.5009300
18.340   0.5495900
18.360   0.6071700
18.380   0.6531200
18.400   0.6624700
18.420   0.6774500
18.440   0.7151600
18.460   0.7164900
18.480   0.6511900
18.500   0.5218600
18.520   0.3642100
18.540   0.2150700
18.560   0.0798400
18.580  -0.0380800
18.600  -0.0812800
18.620  -0.0811100
18.640  -0.0932800
18.660  -0.0977800
18.680  -0.1210000
18.700  -0.1241800
18.720  -0.0961000
18.740  -0.0677200
18.760  -0.0398300
18.780  -0.0062500
18.800   0.0225100
18.820   0.0405500
18.840   0.0562400
18.860   0.0714100
18.880   0.0563700
18.900   0.0020700
18.920  -0.0569000
18.940  -0.1098300
18.960  -0.1502000
18.980  -0.1784900
19.000  -0.2009600
19.020  -0.2201400
19.040  -0.2458500
19.060  -0.2649600
19.080  -0.2786500
19.100  -0.2944800
19.120  -0.3275600
19.140  -0.3807900
19.160  -0.4273100
19.180  -0.4741500
19.200  -0.5009100
19.220  -0.4977000
19.240  -0.4786700
19.260  -0.4021800
19.280  -0.2801700
19.300  -0.1718100
19.320  -0.1004200
19.340  -0.0524600
19.360  -0.0299500
19.380  -0.0078900
19.400   0.0117200
19.420   0.0421700
19.440   0.0865600
19.460   0.1281300
19.480   0.1653300
19.500   0.1767500
19.520   0.1713100
19.540   0.1556000
19.560   0.1431500
19.580   0.1265100
19.600   0.1212800
19.620   0.1297600
19.640   0.1430700
19.660   0.1473100
19.680   0.1242800
19.700   0.0498400
19.720   0.0187200
19.740   0.0542100
19.760   0.0904300
19.780   0.1251800
19.800   0.1625200
19.820   0.1886500
19.840   0.2195000
19.860   0.2380900
19.880   0.2547400
19.900   0.2454800
19.920   0.1926100
19.940   0.0871700
19.960  -0.0331800
19.980  -0.0984400
20.000  -0.1558600
20.020  -0.1678600
20.040  -0.1914100
20.060  -0.1691100
20.080  -0.0921600
20.100  -0.0194800
20.120   0.0570700
20.140   0.1245200
20.160   0.2040200
20.180   0.2658700
20.200   0.3272000
20.220   0.3577200
20.240   0.3242800
20.260   0.2766900
20.280   0.2073800
20.300   0.1342100
20.320   0.0742900
20.340   0.0275900
20.360  -0.0354200
20.380  -0.0999200
20.400  -0.1428500
20.420  -0.1809500
20.440  -0.2005600
20.460  -0.1726100
20.480  -0.1170800
20.500  -0.0822000
20.520  -0.0502800
20.540  -0.0114000
20.560   0.0093500
20.580  -0.0063200
20.600  -0.0656300
20.620  -0.1224800
20.640  -0.1381300
20.660  -0.1669800
20.680  -0.2104100
20.700  -0.2031700
20.720  -0.1404800
20.740  -0.0651400
20.760  -0.0093700
20.780   0.0267700
20.800   0.0643500
20.820   0.1000100
20.840   0.1180100
20.860   0.1104600
20.880   0.0826700
20.900   0.0504100
20.920  -0.0029700
20.940  -0.0602500
20.960  -0.1160700
20.980  -0.1732300
21.000  -0.2213300
21.020  -0.2613100
21.040  -0.2834000
21.060  -0.2851600
21.080  -0.2589800
21.100  -0.2253300
21.120  -0.1999200
21.140  -0.1512500
21.160  -0.1034600
21.180  -0.0916900
21.200  -0.1018600
21.220  -0.0805900
21.240  -0.0044900
21.260   0.1021500
21.280   0.1889300
21.300   0.2740800
21.320   0.3382300
21.340   0.3614500
21.360   0.3563900
21.380   0.2943800
21.400   0.2014800
21.420   0.1297400
21.440   0.1162700
21.460   0.1269400
21.480   0.1512100
21.500   0.1713900
21.520   0.1943700
21.540   0.2070300
21.560   0.2046900
21.580   0.1972000
21.600   0.1559000
21.620   0.0842500
21.640   0.0387000
21.660   0.0143700
21.680   0.0125500
21.700   0.0124100
21.720   0.0350700
21.740   0.0871200
21.760   0.1136300
21.780   0.1478700
21.800   0.1443000
21.820   0.0678200
21.840   0.0072200
21.860  -0.0097600
21.880  -0.0124700
21.900  -0.0018300
21.920   0.0104900
21.940   0.0180000
21.960  -0.0038600
21.980  -0.0474300
22.000  -0.0675900
22.020  -0.0648200
22.040  -0.0727600
22.060  -0.0723800
22.080  -0.0387100
22.100   0.0117100
22.120   0.0582400
22.140   0.0897000
22.160   0.0644400
22.180   0.0083400
22.200  -0.0614800
22.220  -0.1159200
22.240  -0.1621300
22.260  -0.2019600
22.280  -0.2044900
22.300  -0.1841200
22.320  -0.1600000
22.340  -0.1451100
22.360  -0.1080900
22.380  -0.0393500
22.400   0.0237000
22.420   0.0603300
22.440   0.1096100
22.460   0.1484800
22.480   0.1662400
22.500   0.1719100
22.520   0.1558200
22.540   0.0655400
22.560  -0.0435700
22.580  -0.1014400
22.600  -0.1257800
22.620  -0.1192700
22.640  -0.1009700
22.660  -0.0854900
22.680  -0.0812800
22.700  -0.0619800
22.720  -0.0661000
22.740  -0.0846400
22.760  -0.1038500
22.780  -0.1233000
22.800  -0.1253200
22.820  -0.1209100
22.840  -0.1034300
22.860  -0.1037700
22.880  -0.1144800
22.900  -0.1373700
22.920  -0.1645700
22.940  -0.1788600
22.960  -0.1904100
22.980  -0.1926400
23.000  -0.1902500
23.020  -0.1756100
23.040  -0.1523000
23.060  -0.1056800
23.080  -0.0471800
23.100   0.0046200
23.120   0.0307700
23.140   0.0323500
23.160   0.0358300
23.180   0.0291700
23.200   0.0166000
23.220   0.0037500
23.240  -0.0056800
23.260  -0.0164200
23.280  -0.0080200
23.300   0.0089500
23.320   0.0381400
23.340   0.0704600
23.360   0.1070700
23.380   0.1467600
23.400   0.1762800
23.420   0.1878100
23.440   0.1874100
23.460   0.1736500
23.480   0.1587100
23.500   0.1442800
23.520   0.1129100
23.540   0.0956200
23.560   0.0845900
23.580   0.0858700
23.600   0.0906900
23.620   0.0885000
23.640   0.0742300
23.660   0.0637800
23.680   0.0480500
23.700   0.0315200
23.720   0.0329900
23.740   0.0349300
23.760   0.0283400
23.780   0.0210800
23.800   0.0188400
23.820   0.0088000
23.840   0.0045900
23.860   0.0000400
23.880   0.0067700
23.900   0.0140000
23.920   0.0014800
23.940  -0.0101800
23.960  -0.0393900
23.980  -0.0683900
24.000  -0.0809600
24.020  -0.0833200
24.040  -0.0756400
24.060  -0.0726600
24.080  -0.0746400
24.100  -0.0751600
24.120  -0.0823700
24.140  -0.1031400
24.160  -0.1190000
24.180  -0.1355000
24.200  -0.1456400
24.220  -0.1513700
24.240  -0.1681900
24.260  -0.1833100
24.280  -0.1992900
24.300  -0.2157400
24.320  -0.2335800
24.340  -0.2366900
24.360  -0.2108800
24.380  -0.1555300
24.400  -0.0783800
24.420  -0.0197600
24.440   0.0229300
24.460   0.0623500
24.480   0.0820400
24.500   0.0807800
24.520   0.0732900
24.540   0.0770200
24.560   0.0878200
24.580   0.0862300
24.600   0.0926500
24.620   0.1032600
24.640   0.1126400
24.660   0.1164600
24.680   0.1063400
24.700   0.0745300
24.720   0.0319200
24.740  -0.0018800
24.760  -0.0112900
24.780  -0.0120200
24.800   0.0058800
24.820   0.0437300
24.840   0.0802800
24.860   0.1077100
24.880   0.1280400
24.900   0.1411700
24.920   0.1429800
24.940   0.1360600
24.960   0.1260400
24.980   0.1261500
25.000   0.1192900
25.020   0.1024500
25.040   0.0807700
25.060   0.0593500
25.080   0.0415400
25.100   0.0383600
25.120   0.0185400
25.140   0.0170000
25.160   0.0274700
25.180   0.0227400
25.200   0.0084500
25.220  -0.0133500
25.240  -0.0396400
25.260  -0.0645400
25.280  -0.0889700
25.300  -0.1009800
25.320  -0.1045500
25.340  -0.1127400
25.360  -0.0979500
25.380  -0.0687900
25.400  -0.0285500
25.420  -0.0032100
25.440   0.0073700
25.460   0.0102700
25.480   0.0206900
25.500   0.0154400
25.520   0.0098500
25.540   0.0047500
25.560  -0.0055600
25.580  -0.0027500
25.600  -0.0060200
25.620  -0.0039400
25.640  -0.0043600
25.660  -0.0151900
25.680  -0.0349100
25.700  -0.0443700
25.720  -0.0458300
25.740  -0.0405800
25.760  -0.0330900
25.780  -0.0347400
25.800  -0.0403300
25.820  -0.0453800
25.840  -0.0474500
25.860  -0.0429300
25.880  -0.0346000
25.900  -0.0215500
25.920   0.0007700
25.940   0.0321700
25.960   0.0541600
25.980   0.0678200
26.000   0.0816000
26.020   0.0952900
26.040   0.1124000
26.060   0.1255900
26.080   0.1392900
26.100   0.1524200
26.120   0.1454300
26.140   0.1421900
26.160   0.1438300
26.180   0.1367800
26.200   0.1286800
26.220   0.1256700
26.240   0.1091700
26.260   0.0754500
26.280   0.0266900
26.300  -0.0419000
26.320  -0.1116200
26.340  -0.1695600
26.360  -0.2121700
26.380  -0.2210600
26.400  -0.2096500
26.420  -0.2005100
26.440  -0.1923400
26.460  -0.1810200
26.480  -0.1681500
26.500  -0.1431400
26.520  -0.1026100
26.540  -0.0821400
26.560  -0.0653600
26.580  -0.0436300
26.600  -0.0209500
26.620   0.0296900
26.640   0.0665400
26.660   0.0700700
26.680   0.0471200
26.700   0.0135900
26.720  -0.0290000
26.740  -0.0691100
26.760  -0.1089500
26.780  -0.1399900
26.800  -0.1390100
26.820  -0.1415000
26.840  -0.1017700
26.860  -0.0449200
26.880  -0.0145000
26.900  -0.0321800
26.920  -0.0754100
26.940  -0.1036600
26.960  -0.1032400
26.980  -0.0877300
27.000  -0.0853700
27.020  -0.0802600
27.040  -0.0453600
27.060   0.0060400
27.080   0.0427600
27.100   0.0550600
27.120   0.0522500
27.140   0.0651500
27.160   0.0902500
27.180   0.1254200
27.200   0.1643300
27.220   0.2169100
27.240   0.2729000
27.260   0.3156800
27.280   0.3389600
27.300   0.3492900
27.320   0.3607600
27.340   0.3553900
27.360   0.3374800
27.380   0.2982300
27.400   0.2574000
27.420   0.2317700
27.440   0.2003300
27.460   0.1543000
27.480   0.0748000
27.500  -0.0091900
27.520  -0.0654000
27.540  -0.1017200
27.560  -0.1331100
27.580  -0.1492500
27.600  -0.1570900
27.620  -0.1559800
27.640  -0.1416700
27.660  -0.1306000
27.680  -0.1163200
27.700  -0.1002000
27.720  -0.0810300
27.740  -0.0534300
27.760  -0.0458800
27.780  -0.0419400
27.800  -0.0358800
27.820  -0.0239500
27.840  -0.0153400
27.860  -0.0134900
27.880  -0.0039800
27.900  -0.0071200
27.920   0.0027400
27.940   0.0098700
27.960   0.0261900
27.980   0.0364600
28.000   0.0205800
28.020   0.0029900
28.040  -0.0244600
28.060  -0.0537700
28.080  -0.0803900
28.100  -0.1045100
28.120  -0.1138400
28.140  -0.1133600
28.160  -0.1169600
28.180  -0.1112700
28.200  -0.0893100
28.220  -0.0727900
28.240  -0.0592600
28.260  -0.0436200
28.280  -0.0511200
28.300  -0.0598300
28.320  -0.0534300
28.340  -0.0330900
28.360  -0.0184700
28.380  -0.0144800
28.400  -0.0164400
28.420  -0.0015100
28.440   0.0239200
28.460   0.0503400
28.480   0.0699800
28.500   0.0850600
28.520   0.0990700
28.540   0.0898200
28.560   0.0885500
28.580   0.0831100
28.600   0.0748000
28.620   0.0595800
28.640   0.0412100
28.660   0.0210500
28.680   0.0120100
28.700   0.0142300
28.720   0.0140600
28.740   0.0064200
28.760  -0.0149200
28.780  -0.0109400
28.800  -0.0188500
28.820  -0.0252500
28.840  -0.0144300
28.860   0.0006800
28.880   0.0253000
28.900   0.0442000
28.920   0.0672700
28.940   0.0717200
28.960   0.0708000
28.980   0.0620400
29.000   0.0605300
29.020   0.0495200
29.040   0.0441900
29.060   0.0360900
29.080   0.0141000
29.100  -0.0027400
29.120  -0.0270000
29.140  -0.0540500
29.160  -0.0690700
29.180  -0.0643900
29.200  -0.0678700
29.220  -0.0544900
29.240  -0.0325300
29.260  -0.0136900
29.280   0.0008300
29.300   0.0144700
29.320   0.0175900
29.340  -0.0038400
29.360  -0.0362300
29.380  -0.0604900
29.400  -0.0809300
29.420  -0.0938000
29.440  -0.0917100
29.460  -0.0720800
29.480  -0.0664400
29.500  -0.0776300
29.520  -0.0674200
29.540  -0.0643000
29.560  -0.0644100
29.580  -0.0642200
29.600  -0.0642800
29.620  -0.0637000
29.640  -0.0651000
29.660  -0.0475100
29.680  -0.0304900
29.700  -0.0128600
29.720   0.0080100
29.740   0.0173800
29.760   0.0220800
29.780   0.0157500
29.800  -0.0029300
29.820  -0.0335100
29.840  -0.0606600
29.860  -0.0637900
29.880  -0.0616200
29.900  -0.0640900
29.920  -0.0490500
29.940  -0.0176100
29.960   0.0123600
29.980   0.0461800
30.000   0.0729500
30.020   0.0977100
30.040   0.1070400
30.060   0.1044100
30.080   0.0874400
30.100   0.0624900
30.120   0.0493200
30.140   0.0332700
30.160   0.0223000
30.180   0.0220700
30.200   0.0226300
30.220   0.0225600
30.240   0.0246500
30.260   0.0303300
30.280   0.0467800
30.300   0.0522400
30.320   0.0497600
30.340   0.0517600
30.360   0.0402800
30.380   0.0252200
30.400   0.0082600
30.420  -0.0125000
30.440  -0.0321800
30.460  -0.0541900
30.480  -0.0640800
30.500  -0.0835200
30.520  -0.0889300
30.540  -0.0872800
30.560  -0.0875900
30.580  -0.0890100
30.600  -0.0737100
30.620  -0.0568200
30.640  -0.0627500
30.660  -0.0566500
30.680  -0.0557600
30.700  -0.0517000
30.720  -0.0537600
30.740  -0.0603700
30.760  -0.0599700
30.780  -0.0598800
30.800  -0.0553400
30.820  -0.0233800
30.840  -0.0034900
30.860   0.0082400
30.880   0.0212000
30.900   0.0307000
30.920   0.0369800
30.940   0.0268800
30.960   0.0208400
30.980   0.0325000
31.000   0.0525600
31.020   0.0711700
31.040   0.1019300
31.060   0.1069700
31.080   0.1230900
31.100   0.1404500
31.120   0.1569900
31.140   0.1615600
31.160   0.1606400
31.180   0.1391600
31.200   0.1045300
31.220   0.0693600
31.240   0.0448400
31.260   0.0463900
31.280   0.0315900
31.300   0.0251400
31.320   0.0294400
31.340   0.0218100
31.360   0.0166400
31.380   0.0066200
31.400  -0.0142200
31.420  -0.0133000
31.440  -0.0143700
31.460  -0.0146200
31.480  -0.0140600
31.500  -0.0163400
31.520  -0.0077700
31.540   0.0070300
31.560   0.0143900
31.580   0.0095500
31.600   0.0148700
31.620  -0.0027600
31.640  -0.0170100
31.660  -0.0247000
31.680  -0.0444600
31.700  -0.0464300
31.720  -0.0680400
31.740  -0.0756400
31.760  -0.0728900
31.780  -0.0769500
31.800  -0.0687200
31.820  -0.0502700
31.840  -0.0537500
31.860  -0.0687000
31.880  -0.0651500
31.900  -0.0514700
31.920  -0.0519200
31.940  -0.0538400
31.960  -0.0407700
31.980  -0.0212300
32.000  -0.0042000
32.020   0.0122400
32.040   0.0270300
32.060   0.0342700
32.080   0.0491900
32.100   0.0548900
32.120   0.0517200
32.140   0.0349700
32.160   0.0021700
32.180  -0.0335500
32.200  -0.0590000
32.220  -0.0796800
32.240  -0.0882500
32.260  -0.0839100
32.280  -0.0888900
32.300  -0.0692900
32.320  -0.0567000
32.340  -0.0561800
32.360  -0.0309700
32.380  -0.0286900
32.400  -0.0095600
32.420  -0.0026000
32.440   0.0031800
32.460   0.0249500
32.480   0.0279100
32.500   0.0344400
32.520   0.0281100
32.540   0.0283600
32.560   0.0283400
32.580   0.0278400
32.600   0.0286100
32.620   0.0277800
32.640   0.0291800
32.660   0.0276900
32.680   0.0301100
32.700   0.0257100
32.720   0.0383200
32.740   0.0563600
32.760   0.0558600
32.780   0.0557500
32.800   0.0571200
32.820   0.0550500
32.840   0.0692400
32.860   0.0859200
32.880   0.0840600
32.900   0.0832400
32.920   0.0666200
32.940   0.0642000
32.960   0.0744800
32.980   0.0785500
33.000   0.0819800
33.020   0.0826900
33.040   0.0789100
33.060   0.0793600
33.080   0.0817600
33.100   0.0786100
33.120   0.0804800
33.140   0.0625600
33.160   0.0514000
33.180   0.0418600
33.200   0.0172900
33.220   0.0023900
33.240  -0.0212200
33.260  -0.0408000
33.280  -0.0702200
33.300  -0.0917700
33.320  -0.0914100
33.340  -0.1114500
33.360  -0.1217100
33.380  -0.1195800
33.400  -0.1212500
33.420  -0.1198000
33.440  -0.1216200
33.460  -0.1161800
33.480  -0.0977900
33.500  -0.0919300
33.520  -0.0928900
33.540  -0.0920500
33.560  -0.0930300
33.580  -0.0921000
33.600  -0.0933000
33.620  -0.0921500
33.640  -0.0952100
33.660  -0.0855300
33.680  -0.0782400
33.700  -0.0691400
33.720  -0.0679000
33.740  -0.0687600
33.760  -0.0684300
33.780  -0.0693200
33.800  -0.0681400
33.820  -0.0683500
33.840  -0.0451100
33.860  -0.0407300
33.880  -0.0234200
33.900  -0.0110400
33.920   0.0033100
33.940   0.0186600
33.960   0.0161600
33.980  -0.0009400
34.000  -0.0140700
34.020  -0.0132200
34.040  -0.0134200
34.060  -0.0084700
34.080  -0.0122100
34.100  -0.0089100
34.120   0.0134000
34.140   0.0168100
34.160   0.0166000
34.180   0.0143700
34.200   0.0270400
34.220   0.0494600
34.240   0.0691700
34.260   0.0954800
34.280   0.1018100
34.300   0.1246700
34.320   0.1241700
34.340   0.1272800
34.360   0.1204800
34.380   0.1005500
34.400   0.0874500
34.420   0.0673600
34.440   0.0498800
34.460   0.0235600
34.480   0.0129800
34.500  -0.0031500
34.520  -0.0157800
34.540  -0.0123100
34.560  -0.0156300
34.580  -0.0108700
34.600  -0.0051100
34.620   0.0024800
34.640   0.0127800
34.660   0.0215200
34.680   0.0384800
34.700   0.0423800
34.720   0.0422600
34.740   0.0329400
34.760   0.0128600
34.780   0.0148700
34.800   0.0135600
34.820   0.0051500
34.840  -0.0036400
34.860  -0.0110200
34.880  -0.0083300
34.900  -0.0120700
34.920  -0.0135900
34.940  -0.0107000
34.960  -0.0151500
34.980  -0.0207600
35.000  -0.0373000
35.020  -0.0391300
35.040  -0.0465900
35.060  -0.0660000
35.080  -0.0677300
35.100  -0.0547600
35.120  -0.0396800
35.140  -0.0414700
35.160  -0.0269700
35.180  -0.0098300
35.200   0.0082400
35.220   0.0251100
35.240   0.0441800
35.260   0.0423600
35.280   0.0549400
35.300   0.0728100
35.320   0.0691900
35.340   0.0759800
35.360   0.0963700
35.380   0.1007200
35.400   0.0992900
35.420   0.1002400
35.440   0.0985800
35.460   0.0779000
35.480   0.0728600
35.500   0.0635200
35.520   0.0414300
35.540   0.0445200
35.560   0.0418600
35.580   0.0428500
35.600   0.0403800
35.620   0.0408300
35.640   0.0394900
35.660   0.0395300
35.680   0.0383800
35.700   0.0380600
35.720   0.0366900
35.740   0.0372200
35.760   0.0348300
35.780   0.0366400
35.800   0.0234200
35.820   0.0071700
35.840   0.0056600
35.860   0.0067400
35.880  -0.0052700
35.900  -0.0235300
35.920  -0.0223600
35.940  -0.0235300
35.960  -0.0231800
35.980  -0.0360800
36.000  -0.0442300
36.020  -0.0436900
36.040  -0.0340100
36.060  -0.0244900
36.080  -0.0290700
36.100  -0.0306500
36.120  -0.0292700
36.140  -0.0300000
36.160  -0.0314900
36.180  -0.0323200
36.200  -0.0328700
36.220  -0.0311600
36.240  -0.0228200
36.260  -0.0180500
36.280  -0.0127500
36.300  -0.0063500
36.320  -0.0079300
36.340  -0.0048100
36.360   0.0059800
36.380   0.0222900
36.400   0.0205500
36.420   0.0241500
36.440   0.0201700
36.460   0.0349700
36.480   0.0519000
36.500   0.0514100
36.520   0.0480700
36.540   0.0253400
36.560   0.0214700
36.580   0.0004700
36.600  -0.0100900
36.620  -0.0186800
36.640  -0.0255200
36.660  -0.0177300
36.680  -0.0089700
36.700  -0.0024300
36.720  -0.0065100
36.740  -0.0022100
36.760  -0.0074400
36.780   0.0053900
36.800   0.0247300
36.820   0.0239000
36.840   0.0242900
36.860   0.0242600
36.880   0.0242000
36.900   0.0241500
36.920   0.0249000
36.940   0.0007400
36.960  -0.0050700
36.980  -0.0227500
37.000  -0.0380500
37.020  -0.0552000
37.040  -0.0629300
37.060  -0.0605800
37.080  -0.0821000
37.100  -0.0892800
37.120  -0.0899400
37.140  -0.0900500
37.160  -0.0898500
37.180  -0.0904600
37.200  -0.0821300
37.220  -0.0642700
37.240  -0.0619000
37.260  -0.0623200
37.280  -0.0619700
37.300  -0.0621500
37.320  -0.0619800
37.340  -0.0602100
37.360  -0.0753000
37.380  -0.0904500
37.400  -0.0871000
37.420  -0.0892400
37.440  -0.0907500
37.460  -0.0878800
37.480  -0.0867300
37.500  -0.0645900
37.520  -0.0570000
37.540  -0.0413100
37.560  -0.0225900
37.580  -0.0055900
37.600   0.0008700
37.620  -0.0009600
37.640   0.0009900
37.660   0.0016400
37.680  -0.0156900
37.700  -0.0278000
37.720  -0.0237800
37.740  -0.0258000
37.760  -0.0232700
37.780  -0.0251300
37.800  -0.0237800
37.820  -0.0288500
37.840  -0.0228500
37.860  -0.0274200
37.880  -0.0196700
37.900  -0.0013400
37.920   0.0215200
37.940   0.0279600
37.960   0.0393700
37.980   0.0563000
38.000   0.0526200
38.020   0.0539200
38.040   0.0519900
38.060   0.0519800
38.080   0.0355600
38.100   0.0259200
38.120   0.0260900
38.140   0.0474900
38.160   0.0522300
38.180   0.0545400
38.200   0.0780000
38.220   0.0787200
38.240   0.0797100
38.260   0.0784100
38.280   0.0807200
38.300   0.0775900
38.320   0.0893300
38.340   0.1073400
38.360   0.1060400
38.380   0.0902000
38.400   0.0782500
38.420   0.0671300
38.440   0.0422400
38.460   0.0264700
38.480   0.0064900
38.500  -0.0058700
38.520  -0.0041400
38.540  -0.0047000
38.560  -0.0046700
38.580  -0.0043500
38.600  -0.0050500
38.620  -0.0047300
38.640  -0.0053900
38.660  -0.0036300
38.680  -0.0230400
38.700  -0.0342100
38.720  -0.0328400
38.740  -0.0325600
38.760  -0.0410000
38.780  -0.0620500
38.800  -0.0608900
38.820  -0.0619900
38.840  -0.0607300
38.860  -0.0614100
38.880  -0.0600300
38.900  -0.0611900
38.920  -0.0607900
38.940  -0.0626600
38.960  -0.0575700
38.980  -0.0364600
39.000  -0.0326700
39.020  -0.0336200
39.040  -0.0324600
39.060  -0.0409800
39.080  -0.0626400
39.100  -0.0600300
39.120  -0.0642800
39.140  -0.0465300
39.160  -0.0317100
39.180  -0.0335700
39.200  -0.0340600
39.220  -0.0262000
39.240  -0.0037800
39.260  -0.0079000
39.280   0.0139900
39.300   0.0233300
39.320   0.0216400
39.340   0.0236000
39.360   0.0229500
39.380   0.0235400
39.400   0.0233200
39.420   0.0237700
39.440   0.0233600
39.460   0.0236700
39.480   0.0234600
39.500   0.0235400
39.520   0.0235900
39.540   0.0233800
39.560   0.0237100
39.580   0.0219500
39.600   0.0344000
39.620   0.0504200
39.640   0.0489900
39.660   0.0523800
39.680   0.0567800
39.700   0.0724200
39.720   0.0791000
39.740   0.0763500
39.760   0.0775800
39.780   0.0711400
39.800   0.0658500
39.820   0.0674000
39.840   0.0613900
39.860   0.0522100
39.880   0.0508000
39.900   0.0489500
39.920   0.0510800
39.940   0.0484800
39.960   0.0527500
39.980   0.0653200
40.000   0.0742800
