0.000000  0.000000
0.020000  -0.014000
0.040000  -0.108000
0.060000  -0.101000
0.080000  -0.088000
0.100000  -0.095000
0.120000  -0.120000
0.140000  -0.142000
0.160000  -0.128000
0.180000  -0.110000
0.200000  -0.085000
0.220000  -0.085000
0.240000  -0.131000
0.260000  -0.176000
0.280000  -0.194000
0.300000  -0.162000
0.320000  -0.144000
0.340000  -0.108000
0.360000  -0.082000
0.380000  -0.042000
0.400000  -0.066000
0.420000  -0.131000
0.440000  -0.190000
0.460000  -0.196000
0.480000  -0.066000
0.500000  0.030000
0.520000  0.141000
0.540000  -0.049000
0.560000  -0.128000
0.580000  -0.144000
0.600000  -0.203000
0.620000  -0.260000
0.640000  -0.325000
0.660000  -0.306000
0.680000  -0.172000
0.700000  -0.197000
0.720000  -0.163000
0.740000  -0.164000
0.760000  -0.067000
0.780000  0.025000
0.800000  0.150000
0.820000  0.236000
0.840000  0.252000
0.860000  0.336000
0.880000  0.463000
0.900000  0.492000
0.920000  0.419000
0.940000  0.359000
0.960000  0.271000
0.980000  0.235000
1.000000  0.339000
1.020000  0.412000
1.040000  0.530000
1.060000  0.639000
1.080000  0.732000
1.100000  0.652000
1.120000  0.599000
1.140000  0.400000
1.160000  0.400000
1.180000  0.063000
1.200000  -0.515000
1.220000  -0.787000
1.240000  -0.603000
1.260000  -0.484000
1.280000  -0.250000
1.300000  -0.059000
1.320000  0.134000
1.340000  0.308000
1.360000  0.499000
1.380000  0.710000
1.400000  0.995000
1.420000  1.219000
1.440000  1.529000
1.460000  1.449000
1.480000  1.155000
1.500000  0.935000
1.520000  0.892000
1.540000  0.926000
1.560000  0.839000
1.580000  0.901000
1.600000  0.993000
1.620000  1.209000
1.640000  0.328000
1.660000  -1.475000
1.680000  -2.066000
1.700000  -1.989000
1.720000  -2.034000
1.740000  -1.816000
1.760000  -1.725000
1.780000  -1.752000
1.800000  -1.753000
1.820000  -1.805000
1.840000  -1.630000
1.860000  -1.347000
1.880000  -1.087000
1.900000  -0.782000
1.920000  -0.429000
1.940000  -0.017000
1.960000  0.360000
1.980000  0.785000
2.000000  1.164000
2.020000  1.598000
2.040000  1.960000
2.060000  2.412000
2.080000  2.729000
2.100000  3.036000
2.120000  3.200000
2.140000  3.417000
2.160000  2.821000
2.180000  2.324000
2.200000  -1.198000
2.220000  -2.373000
2.240000  -1.640000
2.260000  -1.865000
2.280000  -1.095000
2.300000  -0.753000
2.320000  -0.173000
2.340000  0.113000
2.360000  0.533000
2.380000  0.895000
2.400000  1.186000
2.420000  1.757000
2.440000  0.576000
2.460000  -2.631000
2.480000  -1.547000
2.500000  -1.729000
2.520000  -1.012000
2.540000  -0.579000
2.560000  0.237000
2.580000  -0.670000
2.600000  -1.980000
2.620000  -1.641000
2.640000  -1.685000
2.660000  -1.481000
2.680000  -1.231000
2.700000  -1.001000
2.720000  -0.751000
2.740000  -0.523000
2.760000  -0.271000
2.780000  -0.044000
2.800000  0.188000
2.820000  -0.095000
2.840000  -0.433000
2.860000  -0.838000
2.880000  -0.951000
2.900000  -0.716000
2.920000  -0.599000
2.940000  -0.334000
2.960000  -0.108000
2.980000  0.185000
3.000000  0.420000
3.020000  0.673000
3.040000  -0.097000
3.060000  -0.372000
3.080000  -0.040000
3.100000  0.011000
3.120000  0.344000
3.140000  0.565000
3.160000  0.883000
3.180000  1.130000
3.200000  1.363000
3.220000  0.219000
3.240000  0.241000
3.260000  0.683000
3.280000  0.689000
3.300000  1.318000
3.320000  1.353000
3.340000  2.040000
3.360000  -0.931000
3.380000  -1.308000
3.400000  -0.692000
3.420000  -0.546000
3.440000  0.072000
3.460000  0.675000
3.480000  -1.067000
3.500000  -1.488000
3.520000  -1.071000
3.540000  -1.162000
3.560000  -0.762000
3.580000  -0.559000
3.600000  -0.215000
3.620000  -0.126000
3.640000  -0.674000
3.660000  -0.324000
3.680000  -0.337000
3.700000  -0.109000
3.720000  0.017000
3.740000  0.299000
3.760000  0.488000
3.780000  0.608000
3.800000  0.222000
3.820000  -0.032000
3.840000  -0.245000
3.860000  0.077000
3.880000  0.211000
3.900000  0.568000
3.920000  0.826000
3.940000  1.206000
3.960000  1.478000
3.980000  1.737000
4.000000  0.421000
4.020000  0.029000
4.040000  0.259000
4.060000  0.293000
4.080000  -0.055000
4.100000  -0.147000
4.120000  0.143000
4.140000  0.206000
4.160000  0.499000
4.180000  0.645000
4.200000  0.957000
4.220000  1.128000
4.240000  1.447000
4.260000  1.629000
4.280000  1.945000
4.300000  1.856000
4.320000  1.984000
4.340000  1.769000
4.360000  1.250000
4.380000  -1.207000
4.400000  -0.542000
4.420000  -0.384000
4.440000  -0.311000
4.460000  -1.118000
4.480000  -1.661000
4.500000  -2.464000
4.520000  -2.025000
4.540000  -1.835000
4.560000  -1.317000
4.580000  -0.960000
4.600000  -0.325000
4.620000  0.154000
4.640000  0.816000
4.660000  1.319000
4.680000  1.818000
4.700000  -0.058000
4.720000  -0.169000
4.740000  0.285000
4.760000  0.447000
4.780000  0.983000
4.800000  1.424000
4.820000  1.853000
4.840000  2.456000
4.860000  1.685000
4.880000  -1.380000
4.900000  -0.999000
4.920000  -1.089000
4.940000  -0.907000
4.960000  -0.469000
4.980000  -1.250000
5.000000  -2.111000
5.020000  -1.617000
5.040000  -1.692000
5.060000  -1.306000
5.080000  -1.111000
5.100000  -0.773000
5.120000  -0.510000
5.140000  -0.544000
5.160000  -1.200000
5.180000  -1.209000
5.200000  -1.158000
5.220000  -1.145000
5.240000  -0.717000
5.260000  -0.546000
5.280000  0.064000
5.300000  -0.804000
5.320000  -1.634000
5.340000  -0.859000
5.360000  -0.961000
5.380000  -0.396000
5.400000  -0.147000
5.420000  0.319000
5.440000  0.648000
5.460000  0.876000
5.480000  0.472000
5.500000  0.198000
5.520000  -0.027000
5.540000  0.292000
5.560000  0.445000
5.580000  0.785000
5.600000  1.033000
5.620000  1.352000
5.640000  1.606000
5.660000  1.861000
5.680000  1.281000
5.700000  0.640000
5.720000  0.204000
5.740000  0.314000
5.760000  0.373000
5.780000  0.496000
5.800000  0.235000
5.820000  -0.084000
5.840000  -0.168000
5.860000  -0.113000
5.880000  -0.229000
5.900000  -0.248000
5.920000  -0.157000
5.940000  -0.069000
5.960000  0.147000
5.980000  0.379000
6.000000  0.579000
6.020000  0.255000
6.040000  -0.041000
6.060000  -0.428000
6.080000  -0.133000
6.100000  0.095000
6.120000  0.230000
6.140000  -0.129000
6.160000  -0.050000
6.180000  0.080000
6.200000  0.210000
6.220000  0.380000
6.240000  0.510000
6.260000  0.157000
6.280000  -0.032000
6.300000  -0.111000
6.320000  0.005000
6.340000  0.076000
6.360000  0.035000
6.380000  -0.095000
6.400000  -0.036000
6.420000  -0.016000
6.440000  0.038000
6.460000  0.085000
6.480000  -0.056000
6.500000  -0.304000
6.520000  -0.421000
6.540000  -0.244000
6.560000  -0.236000
6.580000  -0.177000
6.600000  -0.129000
6.620000  -0.018000
6.640000  0.203000
6.660000  -0.108000
6.680000  -0.091000
6.700000  -0.034000
6.720000  -0.106000
6.740000  -0.111000
6.760000  -0.099000
6.780000  -0.002000
6.800000  0.073000
6.820000  0.235000
6.840000  0.355000
6.860000  0.705000
6.880000  0.779000
6.900000  0.184000
6.920000  -0.263000
6.940000  -0.124000
6.960000  -0.042000
6.980000  0.159000
7.000000  0.048000
7.020000  -0.219000
7.040000  -0.467000
7.060000  -0.428000
7.080000  -0.216000
7.100000  -0.043000
7.120000  0.159000
7.140000  0.320000
7.160000  0.419000
7.180000  0.123000
7.200000  -0.160000
7.220000  -0.204000
7.240000  -0.082000
7.260000  -0.206000
7.280000  -0.137000
7.300000  -0.055000
7.320000  0.053000
7.340000  0.134000
7.360000  0.266000
7.380000  0.232000
7.400000  0.079000
7.420000  -0.008000
7.440000  0.200000
7.460000  0.435000
7.480000  0.492000
7.500000  0.191000
7.520000  0.092000
7.540000  -0.022000
7.560000  -0.021000
7.580000  0.052000
7.600000  0.093000
7.620000  0.255000
7.640000  0.368000
7.660000  0.525000
7.680000  0.541000
7.700000  0.425000
7.720000  0.398000
7.740000  0.559000
7.760000  0.756000
7.780000  0.365000
7.800000  0.411000
7.820000  0.098000
7.840000  -0.204000
7.860000  -0.249000
7.880000  -0.405000
7.900000  -0.413000
7.920000  -0.471000
7.940000  -0.433000
7.960000  -0.458000
7.980000  -0.057000
8.000000  0.178000
8.020000  -0.208000
8.040000  -0.492000
8.060000  -0.530000
8.080000  -0.362000
8.100000  -0.405000
8.120000  -0.308000
8.140000  -0.316000
8.160000  -0.265000
8.180000  -0.265000
8.200000  -0.269000
8.220000  -0.345000
8.240000  -0.309000
8.260000  -0.217000
8.280000  -0.078000
8.300000  0.087000
8.320000  0.281000
8.340000  0.310000
8.360000  0.358000
8.380000  0.341000
8.400000  0.358000
8.420000  0.287000
8.440000  0.305000
8.460000  0.112000
8.480000  0.214000
8.500000  0.136000
8.520000  0.384000
8.540000  -0.861000
8.560000  -1.349000
8.580000  -1.342000
8.600000  -1.354000
8.620000  -1.193000
8.640000  -1.042000
8.660000  -0.829000
8.680000  -0.651000
8.700000  -0.444000
8.720000  -0.258000
8.740000  -0.060000
8.760000  -0.091000
8.780000  -0.182000
8.800000  -0.147000
8.820000  0.085000
8.840000  0.163000
8.860000  0.050000
8.880000  0.264000
8.900000  0.582000
8.920000  0.867000
8.940000  1.200000
8.960000  1.695000
8.980000  1.111000
9.000000  -1.100000
9.020000  -0.366000
9.040000  -0.445000
9.060000  -0.236000
9.080000  -0.960000
9.100000  -0.656000
9.120000  -0.597000
9.140000  -0.670000
9.160000  -0.552000
9.180000  -0.027000
9.200000  0.378000
9.220000  1.072000
9.240000  1.669000
9.260000  0.947000
9.280000  0.408000
9.300000  0.667000
9.320000  0.132000
9.340000  -0.095000
9.360000  -0.520000
9.380000  -0.827000
9.400000  -1.152000
9.420000  -1.150000
9.440000  -0.803000
9.460000  -0.369000
9.480000  0.029000
9.500000  0.545000
9.520000  1.178000
9.540000  1.610000
9.560000  -0.270000
9.580000  0.034000
9.600000  -0.056000
9.620000  0.020000
9.640000  0.146000
9.660000  0.537000
9.680000  0.798000
9.700000  -0.205000
9.720000  -0.590000
9.740000  -0.169000
9.760000  -0.175000
9.780000  -0.028000
9.800000  0.074000
9.820000  0.382000
9.840000  0.567000
9.860000  0.753000
9.880000  0.801000
9.900000  0.592000
9.920000  0.304000
9.940000  0.023000
9.960000  0.064000
9.980000  -0.406000
10.000000  -0.451000
10.020000  -0.079000
10.040000  0.168000
10.060000  0.567000
10.080000  0.093000
10.100000  -0.055000
10.120000  0.044000
10.140000  -0.123000
10.160000  -0.282000
10.180000  -0.437000
10.200000  -0.352000
10.220000  -0.255000
10.240000  -0.111000
10.260000  0.205000
10.280000  0.519000
10.300000  0.854000
10.320000  1.144000
10.340000  0.733000
10.360000  0.237000
10.380000  -0.368000
10.400000  -0.271000
10.420000  -0.217000
10.440000  -0.873000
10.460000  -0.973000
10.480000  -0.589000
10.500000  -0.336000
10.520000  0.077000
10.540000  0.259000
10.560000  0.508000
10.580000  0.361000
10.600000  0.081000
10.620000  -0.056000
10.640000  -0.209000
10.660000  -0.317000
10.680000  -0.238000
10.700000  -0.376000
10.720000  -0.550000
10.740000  -0.722000
10.760000  -0.803000
10.780000  -0.523000
10.800000  -0.340000
10.820000  -0.011000
10.840000  0.065000
10.860000  -0.037000
10.880000  -0.005000
10.900000  -0.168000
10.920000  -0.410000
10.940000  -0.080000
10.960000  0.079000
10.980000  0.374000
11.000000  0.615000
11.020000  0.665000
11.040000  0.254000
11.060000  -0.057000
11.080000  -0.474000
11.100000  -0.356000
11.120000  -0.243000
11.140000  -0.048000
11.160000  0.126000
11.180000  0.379000
11.200000  0.241000
11.220000  -0.227000
11.240000  -0.428000
11.260000  -0.679000
11.280000  -0.661000
11.300000  -0.590000
11.320000  -0.513000
11.340000  -0.408000
11.360000  -0.309000
11.380000  -0.266000
11.400000  -0.541000
11.420000  -0.628000
11.440000  -0.908000
11.460000  -1.107000
11.480000  -0.881000
11.500000  -0.770000
11.520000  -0.582000
11.540000  -0.473000
11.560000  -0.333000
11.580000  -0.199000
11.600000  0.020000
11.620000  0.211000
11.640000  0.432000
11.660000  0.613000
11.680000  0.767000
11.700000  0.933000
11.720000  1.066000
11.740000  1.130000
11.760000  1.187000
11.780000  1.247000
11.800000  1.334000
11.820000  1.594000
11.840000  1.797000
11.860000  2.037000
11.880000  1.236000
11.900000  0.442000
11.920000  -0.140000
11.940000  -0.666000
11.960000  -0.555000
11.980000  -0.693000
12.000000  -0.984000
12.020000  -1.246000
12.040000  -1.179000
12.060000  -1.050000
12.080000  -0.920000
12.100000  -0.743000
12.120000  -0.809000
12.140000  -0.850000
12.160000  -0.860000
12.180000  -0.863000
12.200000  -0.873000
12.220000  -0.868000
12.240000  -0.885000
12.260000  -0.537000
12.280000  0.052000
12.300000  0.215000
12.320000  0.245000
12.340000  0.580000
12.360000  0.314000
12.380000  0.236000
12.400000  0.485000
12.420000  0.589000
12.440000  0.525000
12.460000  0.355000
12.480000  0.197000
12.500000  0.199000
12.520000  0.492000
12.540000  0.343000
12.560000  0.288000
12.580000  0.432000
12.600000  0.239000
12.620000  0.088000
12.640000  0.077000
12.660000  -0.148000
12.680000  -0.077000
12.700000  -0.019000
12.720000  0.075000
12.740000  0.044000
12.760000  -0.145000
12.780000  -0.316000
12.800000  -0.241000
12.820000  -0.028000
12.840000  0.182000
12.860000  0.426000
12.880000  0.439000
12.900000  0.512000
12.920000  0.466000
12.940000  0.479000
12.960000  0.193000
12.980000  0.222000
13.000000  0.274000
13.020000  0.393000
13.040000  0.504000
13.060000  0.577000
13.080000  0.588000
13.100000  0.822000
13.120000  0.797000
13.140000  0.949000
13.160000  0.345000
13.180000  0.045000
13.200000  -0.123000
13.220000  -0.347000
13.240000  -0.426000
13.260000  -0.416000
13.280000  -0.275000
13.300000  -0.270000
13.320000  0.074000
13.340000  0.428000
13.360000  -0.231000
13.380000  -0.387000
13.400000  -0.083000
13.420000  0.139000
13.440000  0.445000
13.460000  0.027000
13.480000  -0.697000
13.500000  -0.796000
13.520000  -0.251000
13.540000  -0.135000
13.560000  0.079000
13.580000  -0.115000
13.600000  -0.251000
13.620000  -0.333000
13.640000  -0.269000
13.660000  -0.301000
13.680000  -0.200000
13.700000  -0.067000
13.720000  -0.038000
13.740000  0.105000
13.760000  0.296000
13.780000  0.344000
13.800000  0.957000
13.820000  0.898000
13.840000  0.179000
13.860000  -0.362000
13.880000  -0.994000
13.900000  -0.807000
13.920000  -0.744000
13.940000  -0.539000
13.960000  -0.330000
13.980000  -0.128000
14.000000  0.031000
14.020000  0.148000
14.040000  0.508000
14.060000  -0.022000
14.080000  -0.489000
14.100000  -0.358000
14.120000  -0.691000
14.140000  -0.516000
14.160000  -0.371000
14.180000  0.088000
14.200000  0.632000
14.220000  0.841000
14.240000  1.276000
14.260000  1.388000
14.280000  1.193000
14.300000  0.751000
14.320000  0.225000
14.340000  -0.088000
14.360000  -0.227000
14.380000  0.074000
14.400000  0.181000
14.420000  0.544000
14.440000  0.399000
14.460000  0.045000
14.480000  -0.082000
14.500000  -0.185000
14.520000  -0.020000
14.540000  0.006000
14.560000  -0.117000
14.580000  -0.210000
14.600000  -0.303000
14.620000  -0.512000
14.640000  -0.727000
14.660000  -0.579000
14.680000  -0.266000
14.700000  -0.178000
14.720000  0.040000
14.740000  0.098000
14.760000  0.137000
14.780000  0.221000
14.800000  0.437000
14.820000  0.091000
14.840000  -0.548000
14.860000  -0.555000
14.880000  -0.243000
14.900000  -0.081000
14.920000  0.250000
14.940000  0.410000
14.960000  0.182000
14.980000  -0.027000
15.000000  -0.243000
15.020000  -0.015000
15.040000  0.247000
15.060000  0.482000
15.080000  0.783000
15.100000  0.622000
15.120000  0.331000
15.140000  -0.014000
15.160000  -0.195000
15.180000  -0.247000
15.200000  -0.212000
15.220000  -0.110000
15.240000  0.050000
15.260000  0.241000
15.280000  -0.034000
15.300000  -0.216000
15.320000  -0.471000
15.340000  -0.363000
15.360000  -0.195000
15.380000  -0.018000
15.400000  0.170000
15.420000  -0.080000
15.440000  0.005000
15.460000  0.230000
15.480000  0.374000
15.500000  0.601000
15.520000  0.516000
15.540000  0.432000
15.560000  0.344000
15.580000  0.505000
15.600000  0.653000
15.620000  0.683000
15.640000  0.172000
15.660000  -0.170000
15.680000  -0.527000
15.700000  -0.664000
15.720000  -0.387000
15.740000  -0.222000
15.760000  -0.033000
15.780000  0.119000
15.800000  -0.128000
15.820000  -0.351000
15.840000  -0.514000
15.860000  -0.335000
15.880000  -0.218000
15.900000  -0.012000
15.920000  0.142000
15.940000  0.070000
15.960000  -0.063000
15.980000  -0.120000
16.000000  -0.322000
16.020000  -0.346000
16.040000  -0.091000
16.060000  0.073000
16.080000  0.309000
16.100000  0.472000
16.120000  0.603000
16.140000  0.576000
16.160000  0.330000
16.180000  -0.073000
16.200000  -0.777000
16.220000  -0.608000
16.240000  -0.438000
16.260000  -0.209000
16.280000  0.031000
16.300000  0.350000
16.320000  0.293000
16.340000  0.121000
16.360000  0.338000
16.380000  0.317000
16.400000  0.254000
16.420000  0.206000
16.440000  0.198000
16.460000  0.174000
16.480000  0.021000
16.500000  -0.144000
16.520000  -0.343000
16.540000  -0.339000
16.560000  -0.145000
16.580000  -0.028000
16.600000  0.170000
16.620000  -0.096000
16.640000  -0.255000
16.660000  -0.279000
16.680000  -0.388000
16.700000  -0.242000
16.720000  -0.215000
16.740000  -0.182000
16.760000  -0.174000
16.780000  -0.038000
16.800000  -0.027000
16.820000  -0.185000
16.840000  -0.123000
16.860000  0.087000
16.880000  0.343000
16.900000  0.695000
16.920000  0.910000
16.940000  0.853000
16.960000  0.760000
16.980000  0.513000
17.000000  0.186000
17.020000  0.015000
17.040000  -0.190000
17.060000  -0.151000
17.080000  -0.073000
17.100000  0.021000
17.120000  0.129000
17.140000  0.215000
17.160000  0.024000
17.180000  -0.124000
17.200000  -0.329000
17.220000  -0.519000
17.240000  -0.708000
17.260000  -0.579000
17.280000  -0.462000
17.300000  -0.307000
17.320000  -0.145000
17.340000  -0.009000
17.360000  -0.180000
17.380000  -0.318000
17.400000  -0.465000
17.420000  -0.391000
17.440000  -0.345000
17.460000  -0.316000
17.480000  -0.435000
17.500000  -0.491000
17.520000  -0.475000
17.540000  -0.420000
17.560000  -0.361000
17.580000  -0.277000
17.600000  -0.258000
17.620000  -0.139000
17.640000  -0.068000
17.660000  0.507000
17.680000  0.722000
17.700000  0.878000
17.720000  0.782000
17.740000  0.765000
17.760000  0.439000
17.780000  0.080000
17.800000  0.013000
17.820000  -0.126000
17.840000  -0.015000
17.860000  0.030000
17.880000  0.104000
17.900000  0.104000
17.920000  0.193000
17.940000  0.205000
17.960000  0.074000
17.980000  -0.056000
18.000000  -0.072000
18.020000  0.070000
18.040000  0.106000
18.060000  0.147000
18.080000  -0.009000
18.100000  -0.159000
18.120000  -0.187000
18.140000  -0.007000
18.160000  0.155000
18.180000  0.105000
18.200000  -0.115000
18.220000  -0.302000
18.240000  -0.309000
18.260000  -0.095000
18.280000  -0.058000
18.300000  0.004000
18.320000  0.020000
18.340000  0.050000
18.360000  0.057000
18.380000  0.097000
18.400000  0.134000
18.420000  0.177000
18.440000  0.218000
18.460000  0.261000
18.480000  0.302000
18.500000  0.346000
18.520000  0.386000
18.540000  0.474000
18.560000  0.393000
18.580000  0.238000
18.600000  0.115000
18.620000  -0.079000
18.640000  -0.124000
18.660000  0.054000
18.680000  0.027000
18.700000  -0.250000
18.720000  -0.566000
18.740000  -0.630000
18.760000  -0.591000
18.780000  -0.413000
18.800000  -0.068000
18.820000  0.272000
18.840000  0.277000
18.860000  -0.021000
18.880000  -0.060000
18.900000  -0.110000
18.920000  -0.221000
18.940000  -0.416000
18.960000  -0.519000
18.980000  -0.222000
19.000000  0.030000
19.020000  0.079000
19.040000  0.139000
19.060000  0.171000
19.080000  0.253000
19.100000  0.323000
19.120000  0.391000
19.140000  0.164000
19.160000  -0.136000
19.180000  -0.323000
19.200000  -0.291000
19.220000  -0.287000
19.240000  -0.304000
19.260000  -0.339000
19.280000  -0.245000
19.300000  -0.076000
19.320000  0.125000
19.340000  0.376000
19.360000  0.402000
19.380000  0.245000
19.400000  0.156000
19.420000  -0.040000
19.440000  -0.153000
19.460000  -0.289000
19.480000  -0.316000
19.500000  -0.111000
19.520000  0.094000
19.540000  0.335000
19.560000  0.576000
19.580000  0.424000
19.600000  0.143000
19.620000  -0.007000
19.640000  -0.135000
19.660000  -0.270000
19.680000  -0.341000
19.700000  -0.357000
19.720000  -0.396000
19.740000  -0.402000
19.760000  -0.488000
19.780000  -0.480000
19.800000  -0.406000
19.820000  -0.407000
19.840000  -0.351000
19.860000  -0.187000
19.880000  -0.057000
19.900000  0.044000
19.920000  -0.019000
19.940000  -0.072000
19.960000  -0.169000
19.980000  -0.115000
20.000000  0.126000
20.020000  0.358000
20.040000  0.654000
20.060000  0.716000
20.080000  0.762000
20.100000  0.739000
20.120000  0.628000
20.140000  0.484000
20.160000  0.264000
20.180000  -0.044000
20.200000  -0.288000
20.220000  -0.384000
20.240000  -0.492000
20.260000  -0.428000
20.280000  -0.416000
20.300000  -0.276000
20.320000  -0.052000
20.340000  0.237000
20.360000  0.426000
20.380000  0.604000
20.400000  0.452000
20.420000  0.284000
20.440000  0.126000
20.460000  -0.054000
20.480000  -0.275000
20.500000  -0.423000
20.520000  -0.175000
20.540000  0.001000
20.560000  0.254000
20.580000  0.481000
20.600000  0.641000
20.620000  0.554000
20.640000  0.413000
20.660000  0.184000
20.680000  -0.048000
20.700000  -0.303000
20.720000  -0.531000
20.740000  -0.708000
20.760000  -0.928000
20.780000  -0.863000
20.800000  -0.631000
20.820000  -0.376000
20.840000  0.087000
20.860000  0.309000
20.880000  0.589000
20.900000  0.614000
20.920000  0.385000
20.940000  0.351000
20.960000  0.311000
20.980000  0.246000
21.000000  0.019000
21.020000  -0.198000
21.040000  -0.158000
21.060000  -0.015000
21.080000  0.099000
21.100000  0.286000
21.120000  0.408000
21.140000  0.563000
21.160000  0.531000
21.180000  0.314000
21.200000  0.165000
21.220000  -0.024000
21.240000  -0.189000
21.260000  -0.276000
21.280000  -0.371000
21.300000  -0.450000
21.320000  -0.534000
21.340000  -0.483000
21.360000  -0.379000
21.380000  -0.296000
21.400000  -0.196000
21.420000  -0.184000
21.440000  -0.159000
21.460000  -0.119000
21.480000  -0.053000
21.500000  0.002000
21.520000  0.059000
21.540000  -0.023000
21.560000  -0.112000
21.580000  -0.205000
21.600000  -0.322000
21.620000  -0.388000
21.640000  -0.341000
21.660000  -0.287000
21.680000  -0.328000
21.700000  -0.407000
21.720000  -0.487000
21.740000  -0.563000
21.760000  -0.644000
21.780000  -0.555000
21.800000  -0.446000
21.820000  -0.008000
21.840000  0.253000
21.860000  0.411000
21.880000  0.644000
21.900000  0.579000
21.920000  0.474000
21.940000  0.384000
21.960000  0.385000
21.980000  0.340000
22.000000  0.357000
22.020000  0.008000
22.040000  -0.254000
22.060000  -0.460000
22.080000  -0.471000
22.100000  -0.222000
22.120000  -0.065000
22.140000  0.164000
22.160000  0.355000
22.180000  0.504000
22.200000  0.371000
22.220000  0.280000
22.240000  0.158000
22.260000  0.041000
22.280000  -0.027000
22.300000  0.021000
22.320000  0.044000
22.340000  0.099000
22.360000  0.135000
22.380000  0.094000
22.400000  0.058000
22.420000  0.022000
22.440000  -0.031000
22.460000  -0.031000
22.480000  0.004000
22.500000  -0.025000
22.520000  -0.124000
22.540000  -0.235000
22.560000  -0.406000
22.580000  -0.530000
22.600000  -0.701000
22.620000  -0.323000
22.640000  -0.052000
22.660000  0.094000
22.680000  0.328000
22.700000  0.478000
22.720000  0.509000
22.740000  0.358000
22.760000  0.342000
22.780000  0.306000
22.800000  0.285000
22.820000  0.263000
22.840000  0.168000
22.860000  -0.005000
22.880000  -0.212000
22.900000  -0.365000
22.920000  -0.310000
22.940000  -0.297000
22.960000  -0.280000
22.980000  -0.237000
23.000000  -0.266000
23.020000  -0.308000
23.040000  -0.366000
23.060000  -0.357000
23.080000  -0.308000
23.100000  -0.193000
23.120000  0.019000
23.140000  0.196000
23.160000  0.160000
23.180000  0.129000
23.200000  0.140000
23.220000  0.110000
23.240000  0.108000
23.260000  0.092000
23.280000  0.089000
23.300000  0.019000
23.320000  -0.131000
23.340000  -0.247000
23.360000  -0.436000
23.380000  -0.432000
23.400000  -0.300000
23.420000  -0.192000
23.440000  -0.048000
23.460000  0.097000
23.480000  0.168000
23.500000  0.148000
23.520000  0.173000
23.540000  0.078000
23.560000  -0.058000
23.580000  -0.215000
23.600000  -0.234000
23.620000  0.060000
23.640000  0.262000
23.660000  0.269000
23.680000  0.084000
23.700000  -0.041000
23.720000  -0.227000
23.740000  -0.076000
23.760000  0.031000
23.780000  0.182000
23.800000  0.310000
23.820000  0.479000
23.840000  0.459000
23.860000  0.166000
23.880000  -0.058000
23.900000  -0.396000
23.920000  -0.444000
23.940000  -0.241000
23.960000  -0.101000
23.980000  0.217000
24.000000  0.261000
24.020000  0.121000
24.040000  0.008000
24.060000  -0.168000
24.080000  -0.382000
24.100000  -0.566000
24.120000  -0.781000
24.140000  -0.619000
24.160000  -0.256000
24.180000  0.044000
24.200000  0.456000
24.220000  0.783000
24.240000  1.103000
24.260000  0.953000
24.280000  0.489000
24.300000  0.122000
24.320000  -0.387000
24.340000  -0.846000
24.360000  -1.226000
24.380000  -0.864000
24.400000  -0.616000
24.420000  -0.228000
24.440000  0.150000
24.460000  0.477000
24.480000  0.323000
24.500000  0.248000
24.520000  0.095000
24.540000  0.227000
24.560000  0.338000
24.580000  0.505000
24.600000  0.594000
24.620000  0.519000
24.640000  0.552000
24.660000  0.595000
24.680000  0.617000
24.700000  0.593000
24.720000  0.466000
24.740000  0.158000
24.760000  -0.077000
24.780000  -0.230000
24.800000  -0.303000
24.820000  -0.329000
24.840000  -0.364000
24.860000  -0.490000
24.880000  -0.660000
24.900000  -0.723000
24.920000  -0.784000
24.940000  -0.846000
24.960000  -0.566000
24.980000  -0.209000
25.000000  0.128000
25.020000  0.381000
25.040000  0.488000
25.060000  0.363000
25.080000  0.250000
25.100000  0.158000
25.120000  0.377000
25.140000  0.594000
25.160000  0.630000
25.180000  0.370000
25.200000  0.217000
25.220000  0.040000
25.240000  0.023000
25.260000  -0.062000
25.280000  -0.286000
25.300000  -0.380000
25.320000  -0.457000
25.340000  -0.505000
25.360000  -0.777000
25.380000  -0.628000
25.400000  -0.189000
25.420000  0.189000
25.440000  0.509000
25.460000  0.744000
25.480000  0.749000
25.500000  0.562000
25.520000  0.455000
25.540000  0.525000
25.560000  0.635000
25.580000  0.731000
25.600000  0.851000
25.620000  0.927000
25.640000  0.975000
25.660000  0.929000
25.680000  0.814000
25.700000  0.264000
25.720000  -0.289000
25.740000  -0.901000
25.760000  -1.364000
25.780000  -0.859000
25.800000  -0.468000
25.820000  0.081000
25.840000  0.594000
25.860000  0.823000
25.880000  0.556000
25.900000  0.301000
25.920000  -0.011000
25.940000  -0.380000
25.960000  -0.347000
25.980000  -0.020000
26.000000  0.180000
26.020000  0.633000
26.040000  1.013000
26.060000  1.122000
26.080000  1.107000
26.100000  0.940000
26.120000  0.805000
26.140000  0.608000
26.160000  0.508000
26.180000  0.206000
26.200000  -0.201000
26.220000  -0.572000
26.240000  -1.021000
26.260000  -1.332000
26.280000  -1.225000
26.300000  -1.207000
26.320000  -1.006000
26.340000  -0.762000
26.360000  -0.548000
26.380000  -0.489000
26.400000  -0.405000
26.420000  -0.291000
26.440000  -0.176000
26.460000  -0.141000
26.480000  -0.098000
26.500000  -0.050000
26.520000  0.019000
26.540000  0.080000
26.560000  0.035000
26.580000  -0.029000
26.600000  -0.061000
26.620000  -0.034000
26.640000  -0.013000
26.660000  0.076000
26.680000  0.205000
26.700000  0.327000
26.720000  0.450000
26.740000  0.577000
26.760000  0.562000
26.780000  0.464000
26.800000  0.300000
26.820000  0.107000
26.840000  -0.004000
26.860000  -0.033000
26.880000  -0.069000
26.900000  -0.101000
26.920000  -0.201000
26.940000  -0.188000
26.960000  0.025000
26.980000  0.134000
27.000000  0.243000
27.020000  0.266000
27.040000  0.265000
27.060000  0.155000
27.080000  -0.019000
27.100000  -0.095000
27.120000  -0.216000
27.140000  -0.167000
27.160000  -0.120000
27.180000  -0.064000
27.200000  -0.129000
27.220000  -0.163000
27.240000  -0.193000
27.260000  -0.242000
27.280000  -0.236000
27.300000  -0.175000
27.320000  -0.124000
27.340000  -0.185000
27.360000  -0.265000
27.380000  -0.323000
27.400000  -0.336000
27.420000  -0.454000
27.440000  -0.430000
27.460000  -0.334000
27.480000  -0.213000
27.500000  -0.069000
27.520000  0.030000
27.540000  0.003000
27.560000  -0.093000
27.580000  -0.089000
27.600000  -0.150000
27.620000  -0.164000
27.640000  -0.238000
27.660000  -0.323000
27.680000  -0.421000
27.700000  -0.457000
27.720000  -0.397000
27.740000  -0.349000
27.760000  -0.258000
27.780000  -0.172000
27.800000  -0.020000
27.820000  0.156000
27.840000  0.284000
27.860000  0.362000
27.880000  0.354000
27.900000  0.269000
27.920000  0.101000
27.940000  -0.045000
27.960000  -0.125000
27.980000  -0.245000
28.000000  -0.229000
28.020000  -0.126000
28.040000  -0.068000
28.060000  0.018000
28.080000  0.093000
28.100000  0.200000
28.120000  0.286000
28.140000  0.365000
28.160000  0.311000
28.180000  0.181000
28.200000  0.024000
28.220000  -0.156000
28.240000  -0.319000
28.260000  -0.219000
28.280000  -0.118000
28.300000  0.015000
28.320000  0.153000
28.340000  0.298000
28.360000  0.243000
28.380000  0.136000
28.400000  0.102000
28.420000  0.024000
28.440000  -0.010000
28.460000  -0.023000
28.480000  -0.036000
28.500000  -0.048000
28.520000  -0.089000
28.540000  -0.155000
28.560000  -0.148000
28.580000  -0.076000
28.600000  0.000000
28.620000  -0.020000
28.640000  -0.148000
28.660000  -0.225000
28.680000  -0.374000
28.700000  -0.365000
28.720000  -0.251000
28.740000  -0.164000
28.760000  -0.014000
28.780000  0.153000
28.800000  0.302000
28.820000  0.393000
28.840000  0.406000
28.860000  0.385000
28.880000  0.329000
28.900000  0.183000
28.920000  0.125000
28.940000  0.070000
28.960000  -0.001000
28.980000  -0.068000
29.000000  -0.130000
29.020000  -0.128000
29.040000  -0.115000
29.060000  -0.102000
29.080000  -0.084000
29.100000  -0.141000
29.120000  -0.205000
29.140000  -0.269000
29.160000  -0.350000
29.180000  -0.359000
29.200000  -0.297000
29.220000  -0.227000
29.240000  0.018000
29.260000  0.099000
29.280000  0.203000
29.300000  0.256000
29.320000  0.199000
29.340000  0.160000
29.360000  0.107000
29.380000  0.156000
29.400000  0.198000
29.420000  0.242000
29.440000  0.141000
29.460000  0.055000
29.480000  -0.066000
29.500000  -0.097000
29.520000  -0.026000
29.540000  0.016000
29.560000  0.100000
29.580000  0.094000
29.600000  0.039000
29.620000  0.000000
29.640000  -0.066000
29.660000  -0.099000
29.680000  -0.109000
29.700000  -0.115000
29.720000  -0.131000
29.740000  -0.168000
29.760000  -0.199000
29.780000  -0.104000
29.800000  -0.010000
29.820000  0.055000
29.840000  0.129000
29.860000  0.200000
29.880000  0.199000
29.900000  0.169000
29.920000  0.143000
29.940000  0.109000
29.960000  0.128000
29.980000  0.152000
30.000000  0.137000
30.020000  0.117000
30.040000  0.097000
30.060000  0.060000
30.080000  -0.028000
30.100000  -0.050000
30.120000  -0.084000
30.140000  -0.178000
30.160000  -0.321000
30.180000  -0.420000
30.200000  -0.518000
30.220000  -0.472000
30.240000  -0.394000
30.260000  -0.290000
30.280000  -0.110000
30.300000  0.050000
30.320000  0.132000
30.340000  0.157000
30.360000  0.177000
30.380000  0.195000
30.400000  0.255000
30.420000  0.331000
30.440000  0.328000
30.460000  0.252000
30.480000  0.173000
30.500000  0.045000
30.520000  -0.085000
30.540000  -0.190000
30.560000  -0.229000
30.580000  -0.304000
30.600000  -0.277000
30.620000  -0.227000
30.640000  -0.174000
30.660000  -0.121000
30.680000  -0.126000
30.700000  -0.129000
30.720000  -0.080000
30.740000  -0.026000
30.760000  0.039000
30.780000  0.065000
30.800000  0.055000
30.820000  0.050000
30.840000  0.064000
30.860000  0.126000
30.880000  0.179000
30.900000  0.243000
30.920000  0.307000
30.940000  0.298000
30.960000  0.251000
30.980000  0.216000
31.000000  0.163000
31.020000  0.192000
31.040000  0.234000
31.060000  0.282000
31.080000  0.301000
31.100000  0.196000
31.120000  0.106000
31.140000  -0.039000
31.160000  -0.163000
31.180000  -0.322000
31.200000  -0.335000
31.220000  -0.219000
31.240000  -0.148000
31.260000  -0.010000
31.280000  0.011000
31.300000  -0.053000
31.320000  -0.101000
31.340000  -0.126000
31.360000  -0.143000
31.380000  -0.129000
31.400000  -0.104000
31.420000  -0.071000
31.440000  -0.018000
31.460000  0.033000
31.480000  0.085000
31.500000  0.158000
31.520000  0.239000
31.540000  0.319000
31.560000  0.341000
31.580000  0.318000
31.600000  0.213000
31.620000  0.073000
31.640000  0.009000
31.660000  -0.015000
31.680000  -0.047000
31.700000  -0.075000
31.720000  -0.121000
31.740000  -0.156000
31.760000  -0.116000
31.780000  -0.056000
31.800000  -0.006000
31.820000  -0.003000
31.840000  -0.003000
31.860000  0.014000
31.880000  0.046000
31.900000  0.072000
31.920000  0.086000
31.940000  0.098000
31.960000  0.124000
31.980000  0.147000
32.000000  0.172000
32.020000  0.200000
32.040000  0.256000
32.060000  0.317000
32.080000  0.287000
32.100000  0.231000
32.120000  0.105000
32.140000  -0.001000
32.160000  -0.011000
32.180000  -0.036000
32.200000  -0.053000
32.220000  -0.083000
32.240000  -0.052000
32.260000  -0.007000
32.280000  0.037000
32.300000  0.096000
32.320000  0.155000
32.340000  0.205000
32.360000  0.143000
32.380000  0.073000
32.400000  0.021000
32.420000  -0.022000
32.440000  -0.070000
32.460000  -0.100000
32.480000  -0.075000
32.500000  -0.054000
32.520000  -0.029000
32.540000  -0.015000
32.560000  0.000000
32.580000  -0.001000
32.600000  -0.006000
32.620000  -0.011000
32.640000  -0.010000
32.660000  -0.003000
32.680000  0.001000
32.700000  0.016000
32.720000  0.053000
32.740000  0.086000
32.760000  0.126000
32.780000  0.154000
32.800000  0.131000
32.820000  0.102000
32.840000  0.056000
32.860000  0.006000
32.880000  -0.040000
32.900000  -0.098000
32.920000  -0.096000
32.940000  -0.046000
32.960000  -0.007000
32.980000  0.031000
33.000000  0.045000
33.020000  0.068000
33.040000  0.052000
33.060000  0.045000
33.080000  0.018000
33.100000  -0.002000
33.120000  -0.029000
33.140000  -0.028000
33.160000  -0.017000
33.180000  -0.006000
33.200000  -0.005000
33.220000  -0.017000
33.240000  -0.022000
33.260000  -0.036000
33.280000  -0.032000
33.300000  -0.007000
33.320000  0.014000
33.340000  0.041000
33.360000  0.065000
33.380000  0.063000
33.400000  0.052000
33.420000  0.006000
33.440000  -0.045000
33.460000  -0.076000
33.480000  -0.064000
33.500000  -0.065000
33.520000  -0.107000
33.540000  -0.161000
33.560000  -0.174000
33.580000  -0.117000
33.600000  -0.070000
33.620000  -0.036000
33.640000  -0.025000
33.660000  -0.002000
33.680000  0.004000
33.700000  0.036000
33.720000  0.082000
33.740000  0.115000
33.760000  0.070000
33.780000  0.038000
33.800000  -0.010000
33.820000  -0.025000
33.840000  -0.034000
33.860000  -0.041000
33.880000  -0.045000
33.900000  -0.065000
33.920000  -0.120000
33.940000  -0.117000
33.960000  -0.108000
33.980000  -0.098000
34.000000  -0.081000
34.020000  -0.076000
34.040000  -0.110000
34.060000  -0.138000
34.080000  -0.166000
34.100000  -0.144000
34.120000  -0.130000
34.140000  -0.111000
34.160000  -0.108000
34.180000  -0.098000
34.200000  -0.098000
34.220000  -0.063000
34.240000  -0.002000
34.260000  0.054000
34.280000  0.110000
34.300000  0.152000
34.320000  0.197000
34.340000  0.170000
34.360000  0.140000
34.380000  0.103000
34.400000  0.064000
34.420000  0.010000
34.440000  -0.067000
34.460000  -0.105000
34.480000  -0.122000
34.500000  -0.138000
34.520000  -0.166000
34.540000  -0.215000
34.560000  -0.269000
34.580000  -0.274000
34.600000  -0.217000
34.620000  -0.178000
34.640000  -0.116000
34.660000  -0.061000
34.680000  0.000000
34.700000  0.054000
34.720000  0.099000
34.740000  0.144000
34.760000  0.187000
34.780000  0.232000
34.800000  0.262000
34.820000  0.255000
34.840000  0.227000
34.860000  0.171000
34.880000  0.127000
34.900000  0.054000
34.920000  -0.047000
34.940000  -0.149000
34.960000  -0.210000
34.980000  -0.254000
35.000000  -0.252000
35.020000  -0.245000
35.040000  -0.226000
35.060000  -0.179000
35.080000  -0.136000
35.100000  -0.082000
35.120000  -0.014000
35.140000  0.044000
35.160000  0.089000
35.180000  0.097000
35.200000  0.100000
35.220000  0.100000
35.240000  0.104000
35.260000  0.136000
35.280000  0.121000
35.300000  0.100000
35.320000  0.072000
35.340000  0.019000
35.360000  -0.028000
35.380000  -0.083000
35.400000  -0.131000
35.420000  -0.190000
35.440000  -0.194000
35.460000  -0.139000
35.480000  -0.100000
35.500000  -0.044000
35.520000  -0.044000
35.540000  -0.040000
35.560000  -0.045000
35.580000  -0.049000
35.600000  -0.039000
35.620000  -0.021000
35.640000  -0.022000
35.660000  -0.016000
35.680000  -0.016000
35.700000  -0.012000
35.720000  -0.012000
35.740000  0.028000
35.760000  0.068000
35.780000  0.115000
35.800000  0.096000
35.820000  0.056000
35.840000  0.017000
35.860000  -0.031000
35.880000  -0.078000
35.900000  -0.092000
35.920000  -0.092000
35.940000  -0.095000
35.960000  -0.092000
35.980000  -0.086000
36.000000  -0.052000
36.020000  -0.022000
36.040000  0.014000
36.060000  0.038000
36.080000  0.034000
36.100000  0.034000
36.120000  0.029000
36.140000  0.040000
36.160000  0.054000
36.180000  0.067000
36.200000  0.085000
36.220000  0.087000
36.240000  0.077000
36.260000  0.070000
36.280000  0.061000
36.300000  0.075000
36.320000  0.087000
36.340000  0.102000
36.360000  0.111000
36.380000  0.090000
36.400000  0.075000
36.420000  0.053000
36.440000  0.062000
36.460000  0.079000
36.480000  0.097000
36.500000  0.118000
36.520000  0.135000
36.540000  0.105000
36.560000  0.077000
36.580000  0.044000
36.600000  0.012000
36.620000  -0.021000
36.640000  -0.042000
36.660000  -0.068000
36.680000  -0.087000
36.700000  -0.120000
36.720000  -0.159000
36.740000  -0.198000
36.760000  -0.233000
36.780000  -0.258000
36.800000  -0.270000
36.820000  -0.278000
36.840000  -0.287000
36.860000  -0.278000
36.880000  -0.270000
36.900000  -0.258000
36.920000  -0.251000
36.940000  -0.219000
36.960000  -0.173000
36.980000  -0.129000
37.000000  -0.109000
37.020000  -0.105000
37.040000  -0.095000
37.060000  -0.091000
37.080000  -0.072000
37.100000  -0.059000
37.120000  -0.040000
37.140000  -0.023000
37.160000  0.018000
37.180000  0.035000
37.200000  0.042000
37.220000  0.048000
37.240000  0.043000
37.260000  0.043000
37.280000  0.038000
37.300000  0.036000
37.320000  0.032000
37.340000  0.047000
37.360000  0.063000
37.380000  0.085000
37.400000  0.110000
37.420000  0.134000
37.440000  0.160000
37.460000  0.181000
37.480000  0.173000
37.500000  0.168000
37.520000  0.159000
37.540000  0.147000
37.560000  0.108000
37.580000  0.068000
37.600000  0.032000
37.620000  0.009000
37.640000  0.019000
37.660000  0.028000
37.680000  0.040000
37.700000  0.054000
37.720000  0.069000
37.740000  0.095000
37.760000  0.117000
37.780000  0.143000
37.800000  0.143000
37.820000  0.125000
37.840000  0.122000
37.860000  0.124000
37.880000  0.126000
37.900000  0.130000
37.920000  0.133000
37.940000  0.106000
37.960000  0.079000
37.980000  0.046000
38.000000  0.020000
38.020000  0.005000
38.040000  -0.011000
38.060000  -0.025000
38.080000  -0.011000
38.100000  0.018000
38.120000  0.043000
38.140000  0.076000
38.160000  0.103000
38.180000  0.133000
38.200000  0.101000
38.220000  0.062000
38.240000  0.018000
38.260000  -0.027000
38.280000  -0.080000
38.300000  -0.089000
38.320000  -0.054000
38.340000  -0.030000
38.360000  0.006000
38.380000  0.012000
38.400000  0.022000
38.420000  0.027000
38.440000  0.032000
38.460000  0.048000
38.480000  0.069000
38.500000  0.089000
38.520000  0.112000
38.540000  0.133000
38.560000  0.140000
38.580000  0.137000
38.600000  0.140000
38.620000  0.135000
38.640000  0.139000
38.660000  0.102000
38.680000  0.030000
38.700000  -0.032000
38.720000  -0.063000
38.740000  -0.085000
38.760000  -0.112000
38.780000  -0.157000
38.800000  -0.197000
38.820000  -0.188000
38.840000  -0.182000
38.860000  -0.170000
38.880000  -0.156000
38.900000  -0.142000
38.920000  -0.129000
38.940000  -0.125000
38.960000  -0.120000
38.980000  -0.116000
39.000000  -0.114000
39.020000  -0.106000
39.040000  -0.064000
39.060000  -0.021000
39.080000  0.002000
39.100000  -0.004000
39.120000  -0.004000
39.140000  -0.014000
39.160000  -0.019000
39.180000  -0.008000
39.200000  0.011000
39.220000  0.027000
39.240000  0.050000
39.260000  0.053000
39.280000  0.042000
39.300000  0.030000
39.320000  0.011000
39.340000  -0.005000
39.360000  -0.024000
39.380000  -0.020000
39.400000  -0.007000
39.420000  0.004000
39.440000  0.019000
39.460000  0.033000
39.480000  0.048000
39.500000  0.057000
39.520000  0.065000
39.540000  0.074000
39.560000  0.081000
39.580000  0.091000
39.600000  0.127000
39.620000  0.169000
39.640000  0.144000
39.660000  0.105000
39.680000  0.070000
39.700000  0.035000
39.720000  0.002000
39.740000  -0.032000
39.760000  -0.064000
39.780000  -0.095000
39.800000  -0.091000
39.820000  -0.083000
39.840000  -0.073000
39.860000  -0.051000
39.880000  -0.030000
39.900000  -0.004000
39.920000  0.033000
39.940000  0.052000
39.960000  0.044000
39.980000  0.040000
40.000000  0.030000
40.020000  0.020000
40.040000  0.010000
40.060000  0.001000
40.080000  -0.010000
40.100000  -0.014000
40.120000  0.002000
40.140000  0.016000
40.160000  0.030000
40.180000  0.023000
40.200000  0.016000
40.220000  0.016000
40.240000  0.026000
40.260000  0.032000
40.280000  0.045000
40.300000  0.046000
40.320000  0.021000
40.340000  -0.003000
40.360000  -0.030000
40.380000  -0.060000
40.400000  -0.087000
40.420000  -0.116000
40.440000  -0.107000
40.460000  -0.094000
40.480000  -0.078000
40.500000  -0.068000
40.520000  -0.063000
40.540000  -0.057000
40.560000  -0.050000
40.580000  -0.041000
40.600000  -0.033000
40.620000  -0.024000
40.640000  -0.014000
40.660000  -0.005000
40.680000  0.004000
40.700000  0.013000
40.720000  0.021000
40.740000  0.001000
40.760000  -0.018000
40.780000  -0.040000
40.800000  -0.064000
40.820000  -0.087000
40.840000  -0.110000
40.860000  -0.129000
40.880000  -0.151000
40.900000  -0.165000
40.920000  -0.174000
40.940000  -0.184000
40.960000  -0.194000
40.980000  -0.202000
41.000000  -0.213000
41.020000  -0.198000
41.040000  -0.173000
41.060000  -0.135000
41.080000  -0.065000
41.100000  -0.014000
41.120000  0.020000
41.140000  0.055000
41.160000  0.082000
41.180000  0.089000
41.200000  0.102000
41.220000  0.093000
41.240000  0.080000
41.260000  0.061000
41.280000  0.033000
41.300000  0.003000
41.320000  -0.024000
41.340000  -0.057000
41.360000  -0.045000
41.380000  -0.013000
41.400000  0.013000
41.420000  0.033000
41.440000  0.048000
41.460000  0.054000
41.480000  0.058000
41.500000  0.062000
41.520000  0.065000
41.540000  0.069000
41.560000  0.072000
41.580000  0.075000
41.600000  0.077000
41.620000  0.073000
41.640000  0.069000
41.660000  0.064000
41.680000  0.058000
41.700000  0.054000
41.720000  0.048000
41.740000  0.061000
41.760000  0.079000
41.780000  0.096000
41.800000  0.114000
41.820000  0.126000
41.840000  0.139000
41.860000  0.131000
41.880000  0.123000
41.900000  0.114000
41.920000  0.103000
41.940000  0.087000
41.960000  0.072000
41.980000  0.056000
42.000000  0.040000
42.020000  0.024000
42.040000  0.007000
42.060000  0.004000
42.080000  0.008000
42.100000  0.009000
42.120000  0.023000
42.140000  0.042000
42.160000  0.052000
42.180000  0.061000
42.200000  0.072000
42.220000  0.079000
42.240000  0.089000
42.260000  0.095000
42.280000  0.095000
42.300000  0.093000
42.320000  0.089000
42.340000  0.025000
42.360000  0.000000
42.380000  -0.005000
42.400000  -0.020000
42.420000  -0.024000
42.440000  -0.033000
42.460000  -0.048000
42.480000  -0.064000
42.500000  -0.080000
42.520000  -0.097000
42.540000  -0.114000
42.560000  -0.128000
42.580000  -0.106000
42.600000  -0.089000
42.620000  -0.066000
42.640000  -0.043000
42.660000  -0.019000
42.680000  -0.011000
42.700000  -0.009000
42.720000  -0.005000
42.740000  -0.004000
42.760000  0.005000
42.780000  0.014000
42.800000  0.024000
42.820000  0.035000
42.840000  0.043000
42.860000  0.044000
42.880000  0.039000
42.900000  0.013000
42.920000  -0.008000
42.940000  -0.036000
42.960000  -0.047000
42.980000  -0.055000
43.000000  -0.062000
43.020000  -0.068000
43.040000  -0.073000
43.060000  -0.080000
43.080000  -0.075000
43.100000  -0.064000
43.120000  -0.028000
43.140000  0.005000
43.160000  0.046000
43.180000  0.065000
43.200000  0.060000
43.220000  0.060000
43.240000  0.054000
43.260000  0.049000
43.280000  0.044000
43.300000  0.039000
43.320000  0.029000
43.340000  0.000000
43.360000  -0.026000
43.380000  -0.052000
43.400000  -0.042000
43.420000  -0.037000
43.440000  -0.025000
43.460000  -0.015000
43.480000  -0.002000
43.500000  0.002000
43.520000  0.000000
43.540000  -0.001000
43.560000  -0.004000
43.580000  -0.007000
43.600000  -0.006000
43.620000  -0.001000
43.640000  0.003000
43.660000  0.007000
43.680000  -0.001000
43.700000  -0.007000
43.720000  -0.015000
43.740000  -0.024000
43.760000  -0.029000
43.780000  -0.028000
43.800000  -0.028000
43.820000  -0.025000
43.840000  -0.024000
43.860000  -0.021000
43.880000  -0.027000
43.900000  -0.044000
43.920000  -0.058000
43.940000  -0.076000
43.960000  -0.084000
43.980000  -0.082000
44.000000  -0.083000
44.020000  -0.075000
44.040000  -0.050000
44.060000  -0.028000
44.080000  -0.002000
44.100000  0.018000
44.120000  0.018000
44.140000  0.021000
44.160000  0.021000
44.180000  0.021000
44.200000  0.031000
44.220000  0.043000
44.240000  0.049000
44.260000  0.049000
44.280000  0.049000
44.300000  0.048000
44.320000  0.047000
44.340000  0.052000
44.360000  0.067000
44.380000  0.079000
44.400000  0.095000
44.420000  0.097000
44.440000  0.096000
44.460000  0.096000
44.480000  0.093000
44.500000  0.091000
44.520000  0.089000
44.540000  0.087000
44.560000  0.084000
44.580000  0.082000
44.600000  0.080000
44.620000  0.077000
44.640000  0.062000
44.660000  0.047000
44.680000  0.035000
44.700000  0.036000
44.720000  0.034000
44.740000  0.035000
44.760000  0.036000
44.780000  0.032000
44.800000  0.019000
44.820000  0.015000
44.840000  0.014000
44.860000  0.012000
44.880000  0.012000
44.900000  0.011000
44.920000  0.000000
44.940000  -0.010000
44.960000  -0.020000
44.980000  -0.025000
45.000000  -0.029000
45.020000  -0.033000
45.040000  -0.037000
45.060000  -0.048000
45.080000  -0.063000
45.100000  -0.077000
45.120000  -0.092000
45.140000  -0.107000
45.160000  -0.122000
45.180000  -0.138000
45.200000  -0.143000
45.220000  -0.120000
45.240000  -0.103000
45.260000  -0.078000
45.280000  -0.067000
45.300000  -0.063000
45.320000  -0.058000
45.340000  -0.056000
45.360000  -0.053000
45.380000  -0.050000
45.400000  -0.048000
45.420000  -0.045000
45.440000  -0.042000
45.460000  -0.039000
45.480000  -0.031000
45.500000  -0.026000
45.520000  -0.011000
45.540000  0.010000
45.560000  0.031000
45.580000  0.046000
45.600000  0.048000
45.620000  0.054000
45.640000  0.055000
45.660000  0.063000
45.680000  0.084000
45.700000  0.101000
45.720000  0.084000
45.740000  0.071000
45.760000  0.053000
45.780000  0.033000
45.800000  0.028000
45.820000  0.029000
45.840000  0.028000
45.860000  0.027000
45.880000  0.012000
45.900000  -0.001000
45.920000  -0.010000
45.940000  -0.011000
45.960000  -0.016000
45.980000  -0.015000
46.000000  -0.031000
46.020000  -0.068000
46.040000  -0.099000
46.060000  -0.102000
46.080000  -0.105000
46.100000  -0.106000
46.120000  -0.099000
46.140000  -0.089000
46.160000  -0.079000
46.180000  -0.074000
46.200000  -0.072000
46.220000  -0.068000
46.240000  -0.067000
46.260000  -0.063000
46.280000  -0.040000
46.300000  -0.013000
46.320000  0.013000
46.340000  0.043000
46.360000  0.071000
46.380000  0.099000
46.400000  0.086000
46.420000  0.063000
46.440000  0.041000
46.460000  0.013000
46.480000  -0.014000
46.500000  -0.035000
46.520000  -0.037000
46.540000  -0.044000
46.560000  -0.046000
46.580000  -0.049000
46.600000  -0.051000
46.620000  -0.054000
46.640000  -0.056000
46.660000  -0.058000
46.680000  -0.046000
46.700000  -0.029000
46.720000  -0.013000
46.740000  0.007000
46.760000  0.017000
46.780000  0.019000
46.800000  0.025000
46.820000  0.025000
46.840000  0.035000
46.860000  0.050000
46.880000  0.064000
46.900000  0.080000
46.920000  0.094000
46.940000  0.097000
46.960000  0.102000
46.980000  0.105000
47.000000  0.108000
47.020000  0.110000
47.040000  0.104000
47.060000  0.099000
47.080000  0.093000
47.100000  0.086000
47.120000  0.079000
47.140000  0.072000
47.160000  0.063000
47.180000  0.055000
47.200000  0.046000
47.220000  0.038000
47.240000  0.031000
47.260000  0.027000
47.280000  0.021000
47.300000  0.017000
47.320000  0.012000
47.340000  0.007000
47.360000  0.003000
47.380000  0.008000
47.400000  0.013000
47.420000  0.019000
47.440000  0.022000
47.460000  0.009000
47.480000  -0.003000
47.500000  -0.017000
47.520000  -0.031000
47.540000  -0.047000
47.560000  -0.053000
47.580000  -0.048000
47.600000  -0.043000
47.620000  -0.038000
47.640000  -0.025000
47.660000  -0.009000
47.680000  0.007000
47.700000  0.017000
47.720000  0.022000
47.740000  0.035000
47.760000  0.061000
47.780000  0.083000
47.800000  0.112000
47.820000  0.107000
47.840000  0.087000
47.860000  0.071000
47.880000  0.047000
47.900000  0.027000
47.920000  0.004000
47.940000  -0.016000
47.960000  -0.024000
47.980000  -0.033000
48.000000  -0.046000
48.020000  -0.069000
48.040000  -0.084000
48.060000  -0.088000
48.080000  -0.093000
48.100000  -0.095000
48.120000  -0.097000
48.140000  -0.099000
48.160000  -0.101000
48.180000  -0.102000
48.200000  -0.098000
48.220000  -0.095000
48.240000  -0.090000
48.260000  -0.087000
48.280000  -0.089000
48.300000  -0.091000
48.320000  -0.093000
48.340000  -0.096000
48.360000  -0.097000
48.380000  -0.088000
48.400000  -0.081000
48.420000  -0.071000
48.440000  -0.068000
48.460000  -0.068000
48.480000  -0.067000
48.500000  -0.067000
48.520000  -0.066000
48.540000  -0.066000
48.560000  -0.064000
48.580000  -0.056000
48.600000  -0.050000
48.620000  -0.043000
48.640000  -0.034000
48.660000  -0.023000
48.680000  -0.013000
48.700000  -0.002000
48.720000  0.010000
48.740000  0.017000
48.760000  0.009000
48.780000  0.003000
48.800000  -0.005000
48.820000  -0.014000
48.840000  -0.007000
48.860000  0.006000
48.880000  0.016000
48.900000  0.013000
48.920000  0.012000
48.940000  0.008000
48.960000  0.005000
48.980000  0.000000
49.000000  0.002000
49.020000  0.009000
49.040000  0.014000
49.060000  0.021000
49.080000  0.022000
49.100000  0.010000
49.120000  0.000000
49.140000  -0.012000
49.160000  -0.024000
49.180000  -0.024000
49.200000  -0.019000
49.220000  -0.016000
49.240000  -0.018000
49.260000  -0.022000
49.280000  -0.027000
49.300000  -0.030000
49.320000  -0.026000
49.340000  -0.022000
49.360000  -0.022000
49.380000  -0.032000
49.400000  -0.041000
49.420000  -0.051000
49.440000  -0.046000
49.460000  -0.043000
49.480000  -0.038000
49.500000  -0.032000
49.520000  -0.026000
49.540000  -0.020000
49.560000  -0.019000
49.580000  -0.018000
49.600000  -0.015000
49.620000  0.013000
49.640000  0.041000
49.660000  0.067000
49.680000  0.070000
49.700000  0.076000
49.720000  0.078000
49.740000  0.080000
49.760000  0.081000
49.780000  0.084000
49.800000  0.078000
49.820000  0.061000
49.840000  0.048000
49.860000  0.031000
49.880000  0.029000
49.900000  0.030000
49.920000  0.032000
49.940000  0.035000
49.960000  0.037000
49.980000  0.024000
50.000000  0.007000
50.020000  -0.008000
50.040000  -0.028000
50.060000  -0.035000
50.080000  -0.022000
50.100000  -0.013000
50.120000  0.001000
50.140000  0.003000
50.160000  0.001000
50.180000  -0.001000
50.200000  -0.005000
50.220000  -0.008000
50.240000  -0.011000
50.260000  -0.015000
50.280000  -0.012000
50.300000  -0.008000
50.320000  -0.004000
50.340000  0.001000
50.360000  0.005000
50.380000  0.008000
50.400000  0.008000
50.420000  0.009000
50.440000  0.010000
50.460000  0.022000
50.480000  0.033000
50.500000  0.046000
50.520000  0.059000
50.540000  0.072000
50.560000  0.079000
50.580000  0.062000
50.600000  0.050000
50.620000  0.032000
50.640000  0.016000
50.660000  -0.004000
50.680000  0.000000
50.700000  0.030000
50.720000  0.052000
50.740000  0.087000
50.760000  0.082000
50.780000  0.031000
50.800000  -0.002000
50.820000  -0.062000
50.840000  -0.028000
50.860000  0.058000
50.880000  0.130000
50.900000  0.221000
50.920000  0.185000
50.940000  0.094000
50.960000  0.091000
50.980000  0.077000
51.000000  0.090000
51.020000  0.016000
51.040000  -0.084000
51.060000  -0.200000
51.080000  -0.148000
51.100000  -0.007000
51.120000  0.107000
51.140000  0.099000
51.160000  0.048000
51.180000  0.003000
51.200000  -0.069000
51.220000  -0.107000
51.240000  -0.015000
51.260000  0.069000
51.280000  0.138000
51.300000  0.067000
51.320000  0.020000
51.340000  0.035000
51.360000  0.090000
51.380000  0.086000
51.400000  0.052000
51.420000  0.024000
51.440000  0.016000
51.460000  0.013000
51.480000  -0.011000
51.500000  -0.034000
51.520000  -0.067000
51.540000  -0.054000
51.560000  -0.020000
51.580000  0.014000
51.600000  0.048000
51.620000  0.097000
51.640000  0.058000
51.660000  -0.048000
51.680000  -0.119000
51.700000  -0.095000
51.720000  -0.060000
51.740000  -0.024000
51.760000  0.032000
51.780000  0.038000
51.800000  0.014000
51.820000  -0.001000
51.840000  -0.007000
51.860000  0.006000
51.880000  0.010000
51.900000  0.024000
51.920000  0.013000
51.940000  0.004000
51.960000  -0.008000
51.980000  -0.027000
52.000000  -0.055000
52.020000  -0.084000
52.040000  -0.093000
52.060000  -0.061000
52.080000  -0.036000
52.100000  -0.002000
52.120000  0.033000
52.140000  0.037000
52.160000  -0.014000
52.180000  -0.045000
52.200000  -0.103000
52.220000  -0.077000
52.240000  -0.023000
52.260000  0.031000
52.280000  0.041000
52.300000  0.026000
52.320000  0.013000
52.340000  0.015000
52.360000  0.061000
52.380000  0.073000
52.400000  0.074000
52.420000  0.076000
52.440000  0.073000
52.460000  0.071000
52.480000  0.057000
52.500000  0.038000
52.520000  0.021000
52.540000  -0.002000
52.560000  -0.033000
52.580000  -0.064000
52.600000  -0.068000
52.620000  -0.051000
52.640000  -0.054000
52.660000  -0.054000
52.680000  -0.057000
52.700000  -0.033000
52.720000  0.000000
52.740000  0.033000
52.760000  0.070000
52.780000  0.096000
52.800000  0.085000
52.820000  0.080000
52.840000  0.068000
52.860000  0.075000
52.880000  0.077000
52.900000  0.085000
52.920000  0.061000
52.940000  0.037000
52.960000  0.007000
52.980000  -0.001000
53.000000  0.004000
53.020000  0.005000
53.040000  -0.010000
53.060000  -0.029000
53.080000  -0.046000
53.100000  -0.069000
53.120000  -0.065000
53.140000  -0.044000
53.160000  -0.028000
53.180000  -0.007000
53.200000  -0.023000
53.220000  -0.033000
53.240000  -0.051000
53.260000  -0.060000
53.280000  -0.056000
53.300000  -0.054000
53.320000  -0.050000
53.340000  -0.066000
53.360000  -0.091000
53.380000  -0.114000
53.400000  -0.140000
53.420000  -0.138000
53.440000  -0.140000
53.460000  -0.121000
53.480000  -0.096000
53.500000  -0.074000
53.520000  -0.046000
53.540000  -0.034000
53.560000  -0.042000
53.580000  -0.045000
53.600000  -0.055000
53.620000  -0.063000
53.640000  -0.072000
53.660000  -0.080000
53.680000  -0.073000
53.700000  -0.052000
53.720000  -0.037000
53.740000  -0.026000
53.760000  -0.014000
